320.0	0.35901100834661603
321.0	0.3616434628397299
322.0	0.3642964251478814
323.0	0.3675392031948824
324.0	0.37103933527191824
325.0	0.37491278921365645
326.0	0.3782745093172327
327.0	0.38226288705328215
328.0	0.3865814912897412
329.0	0.3919973375061869
330.0	0.39638948017482845
331.0	0.40195625031341986
332.0	0.40714546827202047
333.0	0.41242292435612427
334.0	0.41851118413274435
335.0	0.4251450149940098
336.0	0.43140675815087204
337.0	0.4379684480048599
338.0	0.44558000348419224
339.0	0.45263230272144317
340.0	0.46025559623742707
341.0	0.46770858064493037
342.0	0.4753298211367343
343.0	0.48424583731671367
344.0	0.4919459962542083
345.0	0.5008764931064229
346.0	0.5099110513148173
347.0	0.5191262876250533
348.0	0.5284145337987076
349.0	0.5368734321469896
350.0	0.5462651259328283
351.0	0.5568106947445342
352.0	0.5665609564277077
353.0	0.5764826860121803
354.0	0.5873660427293868
355.0	0.5966261273519637
356.0	0.6084807892559814
357.0	0.6187189023931126
358.0	0.6302893459317016
359.0	0.6412
360.0	0.6523462909400763
361.0	0.6621751980344766
362.0	0.6727151438191004
363.0	0.6837221518690495
364.0	0.6949685236534027
365.0	0.7051370113262698
366.0	0.7171148820770998
367.0	0.7272305734961464
368.0	0.7370216181229778
369.0	0.7468478436489545
370.0	0.7576941386916519
371.0	0.7689062636760974
372.0	0.7784596516271648
373.0	0.7886818207776792
374.0	0.7983639374847183
375.0	0.8084295770273797
376.0	0.8198548470710216
377.0	0.829
378.0	0.83848087419261
379.0	0.8469685943148744
380.0	0.8554783777727982
381.0	0.8637648240887984
382.0	0.871592896930373
383.0	0.8785876774313516
384.0	0.8859888654448446
385.0	0.8932179263226083
386.0	0.9003365168126305
387.0	0.9070341168572429
388.0	0.9136512727654156
389.0	0.9198325327175277
390.0	0.9254848677204268
391.0	0.9309847804269933
392.0	0.936158615788784
393.0	0.941450428244396
394.0	0.9459199562654572
395.0	0.9504716502912192
396.0	0.9544475156488125
397.0	0.9585041601656357
398.0	0.9620806405374037
399.0	0.9656918016344812
400.0	0.9688985257627842
401.0	0.9717508128645015
402.0	0.9746034308686249
403.0	0.9771242008891639
404.0	0.9798292330786809
405.0	0.9818007190249262
406.0	0.9838367378551021
407.0	0.9857935705061689
408.0	0.987581901535124
409.0	0.9888328181912212
410.0	0.9903877773278584
411.0	0.9917557355364995
412.0	0.9927735154141559
413.0	0.9938571673668328
414.0	0.9948994384765625
415.0	0.9958084976662644
416.0	0.9963824150460955
417.0	0.9969384894762117
418.0	0.9975633417822387
419.0	0.9978874300633657
420.0	0.9983817033318322
421.0	0.9987667157455143
422.0	0.9990502887490864
423.0	0.999408293849109
424.0	0.9993382776875875
425.0	0.9995147669809658
426.0	0.999684009039886
427.0	0.9996905489155825
428.0	0.9996960080406925
429.0	0.999625500682168
430.0	0.9995550876071196
431.0	0.999558057889079
432.0	0.9994134268389342
433.0	0.9992692140049005
434.0	0.9991985936625665
435.0	0.9991290281793175
436.0	0.9989891919023408
437.0	0.9987804361908236
438.0	0.9985779816019839
439.0	0.99852241448829
440.0	0.9983349798571811
441.0	0.998154617403107
442.0	0.9979871163223112
443.0	0.997763871849026
444.0	0.9976172056073185
445.0	0.9975457020779889
446.0	0.9974146086231386
447.0	0.9972338942705505
448.0	0.9970637903073687
449.0	0.9969550305937744
450.0	0.9968555073552592
451.0	0.996758227899631
452.0	0.9965604427709218
453.0	0.9964721204875993
454.0	0.9963896617040222
455.0	0.9963559182758486
456.0	0.9962208729510427
457.0	0.9961767079643106
458.0	0.9961709068868302
459.0	0.9960513396163541
460.0	0.9960289404532863
461.0	0.9959671322231031
462.0	0.9959503233991052
463.0	0.9959322736502682
464.0	0.9959165976148077
465.0	0.9959006120538964
466.0	0.9958838049482337
467.0	0.9959520598428654
468.0	0.9959354830078189
469.0	0.9960029187977527
470.0	0.9960292954760097
471.0	0.9960142554521422
472.0	0.9960397772143975
473.0	0.9961062064506507
474.0	0.9961699641236547
475.0	0.996194915634307
476.0	0.9962953253587409
477.0	0.9963592068372923
478.0	0.9964207543856135
479.0	0.9964425595290866
480.0	0.9965782123014348
481.0	0.9966375821740268
482.0	0.9966578114394208
483.0	0.9967526109237766
484.0	0.9967730946023212
485.0	0.9968671423392894
486.0	0.9969215619777427
487.0	0.9970135301069848
488.0	0.9970308786247583
489.0	0.9971920154283653
490.0	0.9972796472659466
491.0	0.9973292512880685
492.0	0.9974507960504012
493.0	0.9975346554289949
494.0	0.9976526144901472
495.0	0.997734424182089
496.0	0.9977805454098734
497.0	0.9979298959317283
498.0	0.9979748589451793
499.0	0.9981551119881167
500.0	0.9981644587310748
501.0	0.9982402710612404
502.0	0.9983155940160138
503.0	0.9984235648213753
504.0	0.998464110386262
505.0	0.9985368128205251
506.0	0.9985763002132186
507.0	0.9986806099824646
508.0	0.9987188786962234
509.0	0.9988217214936568
510.0	0.9988589554094056
511.0	0.9989275286300119
512.0	0.998995982025351
513.0	0.9990638708647281
514.0	0.9990665742528877
515.0	0.9991655320462404
516.0	0.9992000493581286
517.0	0.9992020365868799
518.0	0.999235525646498
519.0	0.9993004516578214
520.0	0.9993337269042271
521.0	0.9993665323747916
522.0	0.999367395528815
523.0	0.9993996139526368
524.0	0.9994315376096788
525.0	0.9994631877880535
526.0	0.9994628165816541
527.0	0.9994617962694748
528.0	0.9994593236062816
529.0	0.9994899564121659
530.0	0.9994908269829385
531.0	0.9995241314195609
532.0	0.9995575922464348
533.0	0.9995285070147851
534.0	0.999562794624386
535.0	0.9995048704543854
536.0	0.999540955143552
537.0	0.9995167480728484
538.0	0.9994948567840107
539.0	0.9995038209101574
540.0	0.9995121072597187
541.0	0.9994918938503508
542.0	0.9994700795009659
543.0	0.9994731538634988
544.0	0.9994182394311437
545.0	0.999471137588503
546.0	0.9994387142149852
547.0	0.9994323372086059
548.0	0.9993677510336754
549.0	0.9993590868321435
550.0	0.9993686200924059
551.0	0.9994000649286895
552.0	0.9993452599971663
553.0	0.9993185512105812
554.0	0.9993197814919264
555.0	0.9992643594879975
556.0	0.9992937269133091
557.0	0.9992664049314639
558.0	0.9992393870315647
559.0	0.9991849015038167
560.0	0.9991867713575225
561.0	0.999161261414621
562.0	0.9991360549956014
563.0	0.9991117692189676
564.0	0.9990878584165102
565.0	0.9990649924890815
566.0	0.9990699002566039
567.0	0.9990480094667286
568.0	0.9990264484715109
569.0	0.99903292799663
570.0	0.9989853630519444
571.0	0.998965482684642
572.0	0.9989452561345233
573.0	0.998926043769602
574.0	0.9989320586775645
575.0	0.9989123305905931
576.0	0.9989183763328678
577.0	0.99889776528087
578.0	0.9988770819210604
579.0	0.99883045772474
580.0	0.9988595345643346
581.0	0.9988366447043632
582.0	0.9988134840040034
583.0	0.9988402194516224
584.0	0.9988153337954202
585.0	0.9987894561061736
586.0	0.9988132394991722
587.0	0.9987862993518762
588.0	0.9987828553359638
589.0	0.9987532905759934
590.0	0.9987481935035416
591.0	0.9987667458839323
592.0	0.9987831830221565
593.0	0.998743006263357
594.0	0.9987329134136551
595.0	0.9987581943516172
596.0	0.9987330774404178
597.0	0.9987625408228951
598.0	0.9987414464829591
599.0	0.9987226281499486
600.0	0.9987593373041873
601.0	0.998773257002658
602.0	0.9987644982679771
603.0	0.9987620084452562
604.0	0.9987619855005229
605.0	0.9987673628417332
606.0	0.9987738566813607
607.0	0.9987810916989714
608.0	0.9987846656634282
609.0	0.9988094714639462
610.0	0.9988256394327805
611.0	0.9987930384369635
612.0	0.9988175679624051
613.0	0.998815591176372
614.0	0.9988093693265057
615.0	0.9988422648667172
616.0	0.9988309337123431
617.0	0.9988192232230186
618.0	0.9988284579309377
619.0	0.9988607025888238
620.0	0.9988497549876992
621.0	0.9988615717199729
622.0	0.9988745008461992
623.0	0.9988892043103069
624.0	0.9988814919572943
625.0	0.9988978060987904
626.0	0.9989389330777462
627.0	0.9989102134643362
628.0	0.9989059649436044
629.0	0.9989023888909296
630.0	0.9988995513916016
631.0	0.9989213577923578
632.0	0.9989439118482251
633.0	0.9988950604518915
634.0	0.9988945527741194
635.0	0.998918844311627
636.0	0.9988954553114273
637.0	0.9988968615832284
638.0	0.9988743388409747
639.0	0.9989243273985449
640.0	0.9989029665918884
641.0	0.9988816178874032
642.0	0.9988609434725971
643.0	0.9988881078927416
644.0	0.9988914412531976
645.0	0.9988480677092717
646.0	0.9988519023235207
647.0	0.9988324925408306
648.0	0.9987896654884678
649.0	0.9988168256967174
650.0	0.9987974995575277
651.0	0.9987550492139082
652.0	0.9987353201604823
653.0	0.9987384214733075
654.0	0.9987182198083946
655.0	0.9986976280838494
656.0	0.9986312995497195
657.0	0.9986322499214872
658.0	0.9986327453992702
659.0	0.9985641882399674
660.0	0.9985179362286456
661.0	0.9985160009537061
662.0	0.9984450812569573
663.0	0.9984189300917229
664.0	0.9983680323776172
665.0	0.9983395878026642
666.0	0.9983098564245197
667.0	0.9982329313542265
668.0	0.9982241808833268
669.0	0.9981444584752498
670.0	0.9981104396252315
671.0	0.9980273113838543
672.0	0.9979663768095675
673.0	0.9979283185165906
674.0	0.9978655899388452
675.0	0.9977773176933948
676.0	0.9977364330430573
677.0	0.9976948662067099
678.0	0.9976268641422373
679.0	0.9975095210480988
680.0	0.9974403424728246
681.0	0.997395717307711
682.0	0.9973256119195494
683.0	0.9972296439071665
684.0	0.9971591245675262
685.0	0.9970621787038751
686.0	0.9969649795067725
687.0	0.9968953514055976
688.0	0.9967456646677164
689.0	0.9966760755219898
690.0	0.9966088432186138
691.0	0.996515268216592
692.0	0.9963423028216828
693.0	0.996250894421642
694.0	0.9961621260446863
695.0	0.9960482145985098
696.0	0.9959086064903552
697.0	0.9958258821475611
698.0	0.9956927943116567
699.0	0.995589332529171
700.0	0.9954332548434706
701.0	0.9953097799354182
702.0	0.9951888709474712
703.0	0.9950447987053715
704.0	0.9948781746200264
705.0	0.99476949232782
706.0	0.9946382769349227
707.0	0.9944584378783142
708.0	0.9943368618330742
709.0	0.9941890036882696
710.0	0.994022746822705
711.0	0.9938350756799382
712.0	0.9937513015942744
713.0	0.9935656022406453
714.0	0.9933837740057506
715.0	0.9932006799320068
716.0	0.9930930256140514
717.0	0.9928836327773353
718.0	0.9926926168078033
719.0	0.9925433426002337
720.0	0.9923392740113686
721.0	0.9921724913114565
722.0	0.9919654551240064
723.0	0.9917913131496515
724.0	0.9916464285595151
725.0	0.991477069728397
726.0	0.9912373485383709
727.0	0.9910621155999342
728.0	0.9908204495204671
729.0	0.9906378664747866
730.0	0.9904102664697458
731.0	0.9902434703084397
732.0	0.9900736925372047
733.0	0.9898371923730068
734.0	0.9896679203939005
735.0	0.9894070578226541
736.0	0.9891984899701135
737.0	0.9889558504563231
738.0	0.9887736762876916
739.0	0.9885472524710934
740.0	0.9882903091404217
741.0	0.988031380751885
742.0	0.9877921357480155
743.0	0.9875751321323217
744.0	0.9874316095428379
745.0	0.987092000993068
746.0	0.9868799256964444
747.0	0.9866138411092955
748.0	0.9863735346094098
749.0	0.9861396094698464
750.0	0.9859308576171233
751.0	0.9856216733948128
752.0	0.9853778901864099
753.0	0.9851316775771032
754.0	0.98489931640625
755.0	0.984626093993314
756.0	0.984362371119393
757.0	0.9840939459899284
758.0	0.9837920135705113
759.0	0.9835719801345392
760.0	0.9832439417412963
761.0	0.9830107988161694
762.0	0.9827144330304691
763.0	0.9824496230550018
764.0	0.9821774555671972
765.0	0.9819197501140511
766.0	0.9816032566777151
767.0	0.9812967511034804
768.0	0.981021117083431
769.0	0.9807464224428758
770.0	0.9804872632389273
771.0	0.9801853040970051
772.0	0.9798908545216456
773.0	0.9796221543122132
774.0	0.9792765591179374
775.0	0.9789823921384434
776.0	0.9786981523401705
777.0	0.9783877901819763
778.0	0.9780703109829408
779.0	0.9778165243247099
780.0	0.9774962574030339
781.0	0.9771896661228227
782.0	0.9769085667174068
783.0	0.9765942536266101
784.0	0.976258068882492
785.0	0.9759743391267526
786.0	0.9756584674479654
787.0	0.9753180305861
788.0	0.9750091605678938
789.0	0.9747269095236103
790.0	0.9743858979254169
791.0	0.9740578633073725
792.0	0.9737189741631871
793.0	0.9734446974221364
794.0	0.9731063962772204
795.0	0.9727737339471495
796.0	0.9724448407486249
797.0	0.9721386380940246
798.0	0.9718052802931488
799.0	0.9714480257952207
800.0	0.9711551546994363
801.0	0.9707888359250952
802.0	0.9704644274582659
803.0	0.9700895610884978
804.0	0.9698331095469488
805.0	0.9695116926231716
806.0	0.9691655283941911
807.0	0.9688139740430517
808.0	0.968541039488735
809.0	0.9682260362376784
810.0	0.9678169584138074
811.0	0.9675173221743875
812.0	0.9671512119460298
813.0	0.9667838318291302
814.0	0.9665320022315144
815.0	0.9661687425985451
816.0	0.9658437681196208
817.0	0.9654980922105715
818.0	0.9651122577823692
819.0	0.9648055702821049
820.0	0.964505898955896
821.0	0.9641094441225567
822.0	0.9637762223191236
823.0	0.9634637503134329
824.0	0.9631138172416862
825.0	0.9627625069102723
826.0	0.9624769125968233
827.0	0.9621102033205132
828.0	0.9617204674007844
829.0	0.9614142378692702
830.0	0.9610508462765202
831.0	0.9606986145800184
832.0	0.9604128611347482
833.0	0.9600482592094844
834.0	0.9596959234342145
835.0	0.9593445973364566
836.0	0.9590773227364269
837.0	0.9586635296652305
838.0	0.9583614685182726
839.0	0.9579978427232148
840.0	0.9576302356324644
841.0	0.9573449126306031
842.0	0.9569830270281645
843.0	0.9566511976500818
844.0	0.95631028447913
845.0	0.9559585826180712
846.0	0.9555764856936622
847.0	0.9552319643393177
848.0	0.954903841539219
849.0	0.9545599693490624
850.0	0.9542384358645994
851.0	0.9539057594233438
852.0	0.9535716298768601
853.0	0.953202147179454
854.0	0.9528361536313263
855.0	0.9525137953559043
856.0	0.9521788917463826
857.0	0.951815723019006
858.0	0.9514969104866802
859.0	0.9511746806738115
860.0	0.9508095945439226
861.0	0.9504600055887491
862.0	0.9501598172980467
863.0	0.9497821526433213
864.0	0.9494951044060624
865.0	0.9491516841265973
866.0	0.9488045984908844
867.0	0.9484738564010069
868.0	0.9481982042031736
869.0	0.9478109349561321
870.0	0.9475154157061
871.0	0.9471650278577965
872.0	0.9468310537219279
873.0	0.9464826971293119
874.0	0.9461640309356594
875.0	0.9458367704193801
876.0	0.9455116168119851
877.0	0.9451907174744325
878.0	0.9448547821533513
879.0	0.9445234920730642
880.0	0.9442149520723958
881.0	0.9438897524950324
882.0	0.943558076062334
883.0	0.9432055398308906
884.0	0.9428842446501279
885.0	0.9425847836302331
886.0	0.9422583572917798
887.0	0.9419377894601032
888.0	0.9415896915612051
889.0	0.9413197851324465
890.0	0.9409905546883457
891.0	0.9406393678761183
892.0	0.9403545340862601
893.0	0.9400159260301475
894.0	0.9397038116370977
895.0	0.9394164479688935
896.0	0.9391100929039697
897.0	0.9387843066317915
898.0	0.9384336112638846
899.0	0.938171203353346
900.0	0.9378232605290434
901.0	0.9375507243535368
902.0	0.9372197929582022
903.0	0.9369118279069686
904.0	0.9366309962744259
905.0	0.9363565400692004
906.0	0.9359598991122797
907.0	0.9356876086111092
908.0	0.9354482983355777
909.0	0.9351058048274967
910.0	0.934786591074936
911.0	0.9345360015774458
912.0	0.93419921875
913.0	0.9339324630994978
914.0	0.9336262773421715
915.0	0.9332966619106393
916.0	0.933029002584949
917.0	0.9327085360348759
918.0	0.9324555149840702
919.0	0.9321783017686913
920.0	0.9318488763574799
921.0	0.9315510903610149
922.0	0.931244539374168
923.0	0.9309987854258308
924.0	0.930667973532009
925.0	0.9303982754710122
926.0	0.9301309117354992
927.0	0.9298794920284764
928.0	0.9295691942028763
929.0	0.929315273837613
930.0	0.9290229351207998
931.0	0.9287374375017985
932.0	0.9284554103553917
933.0	0.9281853575840616
934.0	0.9279294650465355
935.0	0.9276223039887872
936.0	0.9273676102027577
937.0	0.9270927131644536
938.0	0.9268541742188323
939.0	0.9265545907916386
940.0	0.9262809377374996
941.0	0.9260341618143351
942.0	0.9257120254866968
943.0	0.9254963836536856
944.0	0.9252295209981584
945.0	0.9249320920472414
946.0	0.9247625139118624
947.0	0.924464050705262
948.0	0.9241666170210785
949.0	0.9239331005413022
950.0	0.9236586587323781
951.0	0.9234874752673534
952.0	0.9231769727871079
953.0	0.9229431716884087
954.0	0.9226712497334701
955.0	0.9224008805539907
956.0	0.9222028856817069
957.0	0.9220072022708675
958.0	0.9217084230032735
959.0	0.9214404422073224
960.0	0.9212632060699625
961.0	0.9209945505485208
962.0	0.9207716879165093
963.0	0.9205224935326839
964.0	0.9202923465757409
965.0	0.9200745332197866
966.0	0.9198149841006191
967.0	0.919596504711441
968.0	0.919299609375
969.0	0.9191348309855708
970.0	0.91888909479277
971.0	0.9186309450315022
972.0	0.9184182986758107
973.0	0.9182171569143897
974.0	0.9179471065034464
975.0	0.9177431080381379
976.0	0.9174980742556069
977.0	0.917301025440698
978.0	0.9171096045483283
979.0	0.9168978221712691
980.0	0.916644745187495
981.0	0.916433167939741
982.0	0.9161979830724291
983.0	0.9159836381365982
984.0	0.9157779816315332
985.0	0.9155305868294622
986.0	0.9152982006657842
987.0	0.9151133821402648
988.0	0.9149297612383633
989.0	0.9147200284562313
990.0	0.9142078257126844
991.0	0.9139714666818664
992.0	0.9137703057732378
993.0	0.9135837540037183
994.0	0.9133578753984948
995.0	0.9131510815257053
996.0	0.9129705735885483
997.0	0.9127760991913415
998.0	0.912565607767686
999.0	0.912387353915806
1000.0	0.9121459745668619
1001.0	0.9120012524224718
1002.0	0.9117677327627531
1003.0	0.9116086356036927
1004.0	0.9114454734468589
1005.0	0.911257305119165
1006.0	0.9110514651365365
1007.0	0.9108687120952248
1008.0	0.910667235509739
1009.0	0.9104884023297224
1010.0	0.9103237733273218
1011.0	0.9101440537507922
1012.0	0.909949824694395
1013.0	0.9097575365650992
1014.0	0.9096074673525587
1015.0	0.9094430874690116
1016.0	0.9092508356195204
1017.0	0.9090938998012391
1018.0	0.9089151747819842
1019.0	0.9087562904842308
1020.0	0.9085849128621408
1021.0	0.9084342464021082
1022.0	0.9082763878335282
1023.0	0.908112653499813
1024.0	0.9079649888322835
1025.0	0.9077848815037941
1026.0	0.9076327468214191
1027.0	0.9074742163405792
1028.0	0.9073134263352419
1029.0	0.9071739471097949
1030.0	0.9070087621931624
1031.0	0.9068176188916348
1032.0	0.9066845389805978
1033.0	0.9065645592975493
1034.0	0.906402809461023
1035.0	0.9062454120991599
1036.0	0.906079122298441
1037.0	0.9059220554431797
1038.0	0.9058164377852135
1039.0	0.9056717241329356
1040.0	0.9055474276683176
1041.0	0.9054051610584242
1042.0	0.905243776530775
1043.0	0.9051158592900751
1044.0	0.9049553516426044
1045.0	0.9048226208425485
1046.0	0.9046930728103564
1047.0	0.9045948911876142
1048.0	0.9044238250352987
1049.0	0.9042897142474712
1050.0	0.9041679946641363
1051.0	0.9040249002775398
1052.0	0.9039118101454662
1053.0	0.9038040020704217
1054.0	0.9036803598586596
1055.0	0.9035448690393312
1056.0	0.903428286405462
1057.0	0.9032935730015963
1058.0	0.9031984389759413
1059.0	0.9030488406104611
1060.0	0.9029311081493991
1061.0	0.9028227183951267
1062.0	0.9026897351963993
1063.0	0.9025938864757164
1064.0	0.9024932879420096
1065.0	0.9023571562380676
1066.0	0.9022302758532219
1067.0	0.9021458516780456
1068.0	0.9020135724374724
1069.0	0.9019256253083421
1070.0	0.901791553824671
1071.0	0.9016753140246182
1072.0	0.9015552900435604
1073.0	0.9014625866766866
1074.0	0.9013722421872232
1075.0	0.9012931623626519
1076.0	0.9011596923083909
1077.0	0.9010548789566402
1078.0	0.9009569191952943
1079.0	0.9008358497164954
1080.0	0.9007343643190417
1081.0	0.9006315444782856
1082.0	0.9005328400309929
1083.0	0.9004868111081966
1084.0	0.9003222350586865
1085.0	0.9002742914699577
1086.0	0.900144916052028
1087.0	0.9000504579917501
1088.0	0.8999926288388606
1089.0	0.8998793704069434
1090.0	0.8998005173514986
1091.0	0.8997070284768767
1092.0	0.8996327231898804
1093.0	0.8995226940830408
1094.0	0.8994463941605887
1095.0	0.8993707644599456
1096.0	0.8992545780977539
1097.0	0.8991940176466925
1098.0	0.8991185138556292
1099.0	0.8990157073459029
1100.0	0.8989296726654393
1101.0	0.8988567251754226
1102.0	0.8987729880986746
1103.0	0.8986976544151367
1104.0	0.8986159705514118
1105.0	0.8985556032848457
1106.0	0.8984656514583136
1107.0	0.8983924404894915
1108.0	0.8982979081144291
1109.0	0.8982540558529206
1110.0	0.8981634566163956
1111.0	0.8981003666722552
1112.0	0.8980135966051079
1113.0	0.8979840090244398
1114.0	0.897896772122486
1115.0	0.89779921875
1116.0	0.8977448648881431
1117.0	0.8977017528688597
1118.0	0.8976370128885479
1119.0	0.897559199562756
1120.0	0.8974953920977213
1121.0	0.8974168208129525
1122.0	0.8973575990853853
1123.0	0.8973173534501002
1124.0	0.8972133775124161
1125.0	0.8971919993654829
1126.0	0.8971449656034509
1127.0	0.8970649821355717
1128.0	0.8969980215646152
1129.0	0.8969418541127195
1130.0	0.8968746807401884
1131.0	0.8968181395480089
1132.0	0.8967654506376498
1133.0	0.8967000935866525
1134.0	0.8966446497257266
1135.0	0.8966075046813572
1136.0	0.8965696636651486
1137.0	0.8965156630366609
1138.0	0.8964931470985271
1139.0	0.8964045128994026
1140.0	0.8963632897710587
1141.0	0.8963151871441604
1142.0	0.8962577012783816
1143.0	0.8962524494515982
1144.0	0.8961981871076012
1145.0	0.8961531561234798
1146.0	0.8960977229081629
1147.0	0.896041581891066
1148.0	0.8960194745447848
1149.0	0.8960022015468991
1150.0	0.8959182490339195
1151.0	0.8958716309559271
1152.0	0.8958565527225169
1153.0	0.8958375726052756
1154.0	0.8958017233442447
1155.0	0.8957503536524558
1156.0	0.8957099442382039
1157.0	0.8956711055787744
1158.0	0.895657100895978
1159.0	0.8956051068863973
1160.0	0.8955930328903817
1161.0	0.8955533718379943
1162.0	0.8955164960508435
1163.0	0.8955107796277652
1164.0	0.8954726805430466
1165.0	0.8954295299022058
1166.0	0.8954103947387293
1167.0	0.8953662100549243
1168.0	0.8953558707945404
1169.0	0.8953360290188954
1170.0	0.8952787688520504
1171.0	0.8952793331697593
1172.0	0.8952523093212345
1173.0	0.8952590518644781
1174.0	0.8952263167754155
1175.0	0.8951863376803828
1176.0	0.895199609375
1177.0	0.8951600164002989
1178.0	0.8951371780656184
1179.0	0.8951487793952297
1180.0	0.8950883998442367
1181.0	0.8950620556845474
1182.0	0.8950856782794105
1183.0	0.8950415115261716
1184.0	0.8950572934806361
1185.0	0.8950130928784511
1186.0	0.895
1187.0	0.8949770383919857
1188.0	0.8949456906450192
1189.0	0.8949518741608153
1190.0	0.8949326352991057
1191.0	0.8949492104236255
1192.0	0.894931713382496
1193.0	0.8949451746755146
1194.0	0.8949167724676889
1195.0	0.8949080635405209
1196.0	0.8948937986270655
1197.0	0.8949214438374313
1198.0	0.8948964267956302
1199.0	0.8949088556512059
1200.0	0.8948960277909312
