400.178	0.9721597
400.71	0.9710602
401.243	0.9723953
401.776	0.9737304
402.309	0.9752225
402.841	0.9764791
403.374	0.9778141
403.907	0.9792277
404.44	0.9804843
404.972	0.9815052
405.505	0.9826047
406.038	0.9837042
406.57	0.9848037
407.103	0.9857461
407.636	0.9866885
408.169	0.9875524
408.701	0.9883377
409.234	0.9890445
409.767	0.9899084
410.3	0.99069372
410.832	0.99140052
411.365	0.9920288
411.898	0.99257853
412.431	0.99312827
412.963	0.99367801
413.496	0.99422775
414.029	0.99477749
414.562	0.99524869
415.094	0.99579843
415.627	0.99611257
416.16	0.9964267
416.693	0.99674084
417.225	0.99705497
417.758	0.99736911
418.291	0.99760471
418.824	0.99776178
419.356	0.99784031
419.889	0.99815445
420.422	0.99846859
420.954	0.99870419
421.487	0.99886126
422.02	0.999018325
422.553	0.999175393
423.085	0.999253927
423.618	0.999332461
424.151	0.999332461
424.684	0.999410995
425.216	0.999489529
425.749	0.999568063
426.282	0.999646597
426.815	0.999646597
427.347	0.999646597
427.88	0.999646597
428.413	0.999646597
428.946	0.999568063
429.478	0.999568063
430.011	0.999489529
430.544	0.999489529
431.077	0.999489529
431.609	0.999489529
432.142	0.999410995
432.675	0.999332461
433.208	0.999253927
433.74	0.999175393
434.273	0.999175393
434.806	0.999096859
435.339	0.999096859
435.871	0.999018325
436.404	0.99886126
436.937	0.99878272
437.469	0.99870419
438.002	0.99862565
438.535	0.99854712
439.068	0.99846859
439.6	0.99839005
440.133	0.99831152
440.666	0.99815445
441.199	0.99807592
441.731	0.99807592
442.264	0.99791885
442.797	0.99784031
443.33	0.99768325
443.862	0.99760471
444.395	0.99752618
444.928	0.99752618
445.461	0.99744764
445.993	0.99744764
446.526	0.99729058
447.059	0.99721204
447.592	0.99713351
448.124	0.99705497
448.657	0.99697644
449.19	0.99689791
449.723	0.99689791
450.255	0.99681937
450.788	0.99674084
451.321	0.9966623
451.853	0.99658377
452.386	0.99650524
452.919	0.9964267
453.452	0.9964267
453.984	0.99634817
454.517	0.99634817
455.05	0.99626963
455.583	0.99626963
456.115	0.9961911
456.648	0.99611257
457.181	0.99611257
457.714	0.99611257
458.246	0.99611257
458.779	0.99603403
459.312	0.99603403
459.845	0.99603403
460.377	0.9959555
460.91	0.9959555
461.443	0.99587696
461.976	0.99587696
462.508	0.99587696
463.041	0.99587696
463.574	0.99587696
464.107	0.99587696
464.639	0.99587696
465.172	0.99587696
465.705	0.99587696
466.238	0.99587696
466.77	0.99587696
467.303	0.99587696
467.836	0.99587696
468.368	0.99587696
468.901	0.9959555
469.434	0.9959555
469.967	0.9959555
470.499	0.9959555
471.032	0.9959555
471.565	0.9959555
472.098	0.9959555
472.63	0.99603403
473.163	0.99603403
473.696	0.99611257
474.229	0.99611257
474.761	0.99611257
475.294	0.9961911
475.827	0.9961911
476.36	0.99626963
476.892	0.99626963
477.425	0.99634817
477.958	0.99634817
478.491	0.99634817
479.023	0.9964267
479.556	0.9964267
480.089	0.99650524
480.622	0.99658377
481.154	0.99658377
481.687	0.99658377
482.22	0.99658377
482.752	0.9966623
483.285	0.9966623
483.818	0.99674084
484.351	0.99674084
484.883	0.99674084
485.416	0.99681937
485.949	0.99681937
486.482	0.99689791
487.014	0.99689791
487.547	0.99697644
488.08	0.99697644
488.613	0.99705497
489.145	0.99713351
489.678	0.99721204
490.211	0.99721204
490.744	0.99721204
491.276	0.99729058
491.809	0.99736911
492.342	0.99744764
492.875	0.99744764
493.407	0.99752618
493.94	0.99760471
494.473	0.99760471
495.006	0.99768325
495.538	0.99768325
496.071	0.99768325
496.604	0.99776178
497.137	0.99784031
497.669	0.99791885
498.202	0.99791885
498.735	0.99799738
499.267	0.99807592
499.8	0.99807592
500.333	0.99815445
500.866	0.99823298
501.398	0.99823298
501.931	0.99823298
502.464	0.99831152
502.997	0.99831152
503.529	0.99839005
504.062	0.99839005
504.595	0.99846859
505.128	0.99846859
505.66	0.99846859
506.193	0.99854712
506.726	0.99854712
507.259	0.99862565
507.791	0.99862565
508.324	0.99870419
508.857	0.99870419
509.39	0.99878272
509.922	0.99878272
510.455	0.99886126
510.988	0.99886126
511.521	0.99886126
512.053	0.99893979
512.586	0.99893979
513.119	0.999018325
513.651	0.999018325
514.184	0.999018325
514.717	0.999096859
515.25	0.999096859
515.782	0.999096859
516.315	0.999175393
516.848	0.999175393
517.381	0.999175393
517.913	0.999175393
518.446	0.999175393
518.979	0.999253927
519.512	0.999253927
520.044	0.999253927
520.577	0.999332461
521.11	0.999332461
521.643	0.999332461
522.175	0.999332461
522.708	0.999332461
523.241	0.999332461
523.774	0.999332461
524.306	0.999410995
524.839	0.999410995
525.372	0.999410995
525.905	0.999410995
526.437	0.999410995
526.97	0.999410995
527.503	0.999410995
528.036	0.999410995
528.568	0.999410995
529.101	0.999410995
529.634	0.999489529
530.166	0.999489529
530.699	0.999489529
531.232	0.999489529
531.765	0.999489529
532.297	0.999489529
532.83	0.999489529
533.363	0.999489529
533.896	0.999489529
534.428	0.999489529
534.961	0.999489529
535.494	0.999489529
536.027	0.999489529
536.559	0.999489529
537.092	0.999489529
537.625	0.999489529
538.158	0.999489529
538.69	0.999489529
539.223	0.999489529
539.756	0.999489529
540.289	0.999489529
540.821	0.999489529
541.354	0.999410995
541.887	0.999410995
542.42	0.999410995
542.952	0.999410995
543.485	0.999410995
544.018	0.999410995
544.55	0.999410995
545.083	0.999410995
545.616	0.999410995
546.149	0.999410995
546.681	0.999410995
547.214	0.999410995
547.747	0.999332461
548.28	0.999332461
548.812	0.999332461
549.345	0.999332461
549.878	0.999332461
550.411	0.999332461
550.943	0.999332461
551.476	0.999332461
552.009	0.999332461
552.542	0.999253927
553.074	0.999253927
553.607	0.999253927
554.14	0.999253927
554.673	0.999253927
555.205	0.999253927
555.738	0.999253927
556.271	0.999253927
556.804	0.999253927
557.336	0.999253927
557.869	0.999175393
558.402	0.999175393
558.935	0.999175393
559.467	0.999175393
560.0	0.999175393
560.533	0.999096859
561.065	0.999096859
561.598	0.999096859
562.131	0.999096859
562.664	0.999096859
563.196	0.999096859
563.729	0.999018325
564.262	0.999018325
564.795	0.999018325
565.327	0.999018325
565.86	0.999018325
566.393	0.999018325
566.926	0.999018325
567.458	0.999018325
567.991	0.999018325
568.524	0.999018325
569.057	0.999018325
569.589	0.99893979
570.122	0.99893979
570.655	0.99893979
571.188	0.99893979
571.72	0.99893979
572.253	0.99893979
572.786	0.99886126
573.319	0.99886126
573.851	0.99886126
574.384	0.99886126
574.917	0.99886126
575.45	0.99886126
575.982	0.99886126
576.515	0.99886126
577.048	0.99886126
577.58	0.99886126
578.113	0.99886126
578.646	0.99878272
579.179	0.99878272
579.711	0.99878272
580.244	0.99878272
580.777	0.99878272
581.31	0.99878272
581.842	0.99878272
582.375	0.99878272
582.908	0.99878272
583.441	0.99878272
583.973	0.99878272
584.506	0.99878272
585.039	0.99878272
585.572	0.99878272
586.104	0.99878272
586.637	0.99878272
587.17	0.99878272
587.703	0.99878272
588.235	0.99870419
588.768	0.99870419
589.301	0.99870419
589.834	0.99870419
590.366	0.99870419
590.899	0.99870419
591.432	0.99870419
591.964	0.99870419
592.497	0.99870419
593.03	0.99870419
593.563	0.99870419
594.095	0.99870419
594.628	0.99870419
595.161	0.99870419
595.694	0.99870419
596.226	0.99870419
596.759	0.99870419
597.292	0.99870419
597.825	0.99870419
598.357	0.99870419
598.89	0.99870419
599.423	0.99870419
599.956	0.99870419
600.488	0.99870419
601.021	0.99870419
601.554	0.99870419
602.087	0.99870419
602.619	0.99870419
603.152	0.99870419
603.685	0.99870419
604.218	0.99870419
604.75	0.99870419
605.283	0.99870419
605.816	0.99870419
606.349	0.99870419
606.881	0.99870419
607.414	0.99870419
607.947	0.99878272
608.479	0.99878272
609.012	0.99878272
609.545	0.99878272
610.078	0.99878272
610.61	0.99878272
611.143	0.99878272
611.676	0.99878272
612.209	0.99878272
612.741	0.99878272
613.274	0.99878272
613.807	0.99878272
614.34	0.99878272
614.872	0.99878272
615.405	0.99878272
615.938	0.99878272
616.471	0.99878272
617.003	0.99878272
617.536	0.99878272
618.069	0.99878272
618.602	0.99878272
619.134	0.99878272
619.667	0.99878272
620.2	0.99878272
620.733	0.99878272
621.265	0.99878272
621.798	0.99878272
622.331	0.99886126
622.863	0.99886126
623.396	0.99886126
623.929	0.99886126
624.462	0.99886126
624.994	0.99886126
625.527	0.99886126
626.06	0.99886126
626.593	0.99886126
627.125	0.99886126
627.658	0.99886126
628.191	0.99886126
628.724	0.99886126
629.256	0.99886126
629.789	0.99886126
630.322	0.99886126
630.855	0.99886126
631.387	0.99886126
631.92	0.99886126
632.453	0.99886126
632.986	0.99886126
633.518	0.99886126
634.051	0.99886126
634.584	0.99886126
635.117	0.99886126
635.649	0.99886126
636.182	0.99886126
636.715	0.99886126
637.248	0.99886126
637.78	0.99886126
638.313	0.99886126
638.846	0.99886126
639.378	0.99886126
639.911	0.99886126
640.444	0.99886126
640.977	0.99886126
641.509	0.99886126
642.042	0.99886126
642.575	0.99886126
643.108	0.99886126
643.64	0.99886126
644.173	0.99886126
644.706	0.99878272
645.239	0.99878272
645.771	0.99878272
646.304	0.99878272
646.837	0.99878272
647.37	0.99878272
647.902	0.99878272
648.435	0.99878272
648.968	0.99878272
649.501	0.99878272
650.033	0.99878272
650.566	0.99870419
651.099	0.99870419
651.632	0.99870419
652.164	0.99870419
652.697	0.99870419
653.23	0.99870419
653.762	0.99870419
654.295	0.99870419
654.828	0.99862565
655.361	0.99862565
655.893	0.99862565
656.426	0.99862565
656.959	0.99862565
657.492	0.99862565
658.024	0.99854712
658.557	0.99854712
659.09	0.99854712
659.623	0.99854712
660.155	0.99854712
660.688	0.99846859
661.221	0.99846859
661.754	0.99846859
662.286	0.99839005
662.819	0.99839005
663.352	0.99839005
663.885	0.99831152
664.417	0.99831152
664.95	0.99831152
665.483	0.99831152
666.016	0.99823298
666.548	0.99823298
667.081	0.99823298
667.614	0.99815445
668.147	0.99815445
668.679	0.99815445
669.212	0.99815445
669.745	0.99807592
670.277	0.99807592
670.81	0.99799738
671.343	0.99799738
671.876	0.99791885
672.408	0.99791885
672.941	0.99791885
673.474	0.99784031
674.007	0.99784031
674.539	0.99784031
675.072	0.99776178
675.605	0.99768325
676.138	0.99768325
676.67	0.99768325
677.203	0.99768325
677.736	0.99760471
678.269	0.99760471
678.801	0.99752618
679.334	0.99744764
679.867	0.99744764
680.4	0.99736911
680.932	0.99736911
681.465	0.99736911
681.998	0.99729058
682.531	0.99729058
683.063	0.99721204
683.596	0.99713351
684.129	0.99713351
684.661	0.99713351
685.194	0.99705497
685.727	0.99697644
686.26	0.99689791
686.792	0.99689791
687.325	0.99681937
687.858	0.99681937
688.391	0.99674084
688.923	0.9966623
689.456	0.99658377
689.989	0.99658377
690.522	0.99658377
691.054	0.99650524
691.587	0.9964267
692.12	0.99634817
692.653	0.99626963
693.185	0.9961911
693.718	0.9961911
694.251	0.99611257
694.784	0.99611257
695.316	0.99603403
695.849	0.9959555
696.382	0.99587696
696.915	0.99579843
697.447	0.99579843
697.98	0.9957199
698.513	0.99564136
699.046	0.99556283
699.578	0.99556283
700.111	0.99540576
700.644	0.99532723
701.176	0.99524869
701.709	0.99524869
702.242	0.99517016
702.775	0.99509162
703.307	0.99501309
703.84	0.99493455
704.373	0.99485602
704.906	0.99477749
705.438	0.99469895
705.971	0.99462042
706.504	0.99454188
707.037	0.99446335
707.569	0.99438482
708.102	0.99430628
708.635	0.99422775
709.168	0.99414921
709.7	0.99407068
710.233	0.99399215
710.766	0.99391361
711.299	0.99383508
711.831	0.99375654
712.364	0.99367801
712.897	0.99359948
713.43	0.99352094
713.962	0.99344241
714.495	0.99328534
715.028	0.99320681
715.56	0.99312827
716.093	0.99304974
716.626	0.9929712
717.159	0.99289267
717.691	0.9927356
718.224	0.99265707
718.757	0.99257853
719.29	0.9925
719.822	0.99242147
720.355	0.9922644
720.888	0.99218586
721.421	0.99210733
721.953	0.99195026
722.486	0.99187173
723.019	0.99179319
723.552	0.99171466
724.084	0.99163613
724.617	0.99155759
725.15	0.99147906
725.683	0.99132199
726.215	0.99124346
726.748	0.99108639
727.281	0.99100785
727.814	0.99085079
728.346	0.99077225
728.879	0.99069372
729.412	0.99053665
729.945	0.99045812
730.477	0.99037958
731.01	0.99022251
731.543	0.99014398
732.075	0.9899869
732.608	0.9899084
733.141	0.9898298
733.674	0.9897513
734.206	0.9895942
734.739	0.9895157
735.272	0.9893586
735.805	0.9892801
736.337	0.989123
736.87	0.988966
737.403	0.9888874
737.936	0.9888089
738.468	0.9886518
739.001	0.9885733
739.534	0.9884948
740.067	0.9883377
740.599	0.9881021
741.132	0.987945
741.665	0.9878665
742.198	0.9877094
742.73	0.9876309
743.263	0.9875524
743.796	0.9874738
744.329	0.9873168
744.861	0.9871597
745.394	0.9870026
745.927	0.9869241
746.459	0.986767
746.992	0.9866099
747.525	0.9865314
748.058	0.9863743
748.59	0.9862173
749.123	0.9861387
749.656	0.9859817
750.189	0.9859031
750.721	0.9857461
751.254	0.985589
751.787	0.9854319
752.32	0.9852749
752.852	0.9851963
753.385	0.9850393
753.918	0.9848822
754.451	0.9848037
754.983	0.9846466
755.516	0.9844895
756.049	0.9843325
756.582	0.9842539
757.114	0.9840969
757.647	0.9839398
758.18	0.9837827
758.713	0.9836257
759.245	0.9834686
759.778	0.9833901
760.311	0.983233
760.844	0.9829974
761.376	0.9828403
761.909	0.9827618
762.442	0.9826047
762.974	0.9824476
763.507	0.9822906
764.04	0.982212
764.573	0.982055
765.105	0.9818979
765.638	0.9817408
766.171	0.9815838
766.704	0.9814267
767.236	0.9812696
767.769	0.9811126
768.302	0.9809555
768.835	0.9807984
769.367	0.9806414
769.9	0.9804843
770.433	0.9804058
770.966	0.9802487
771.498	0.9800916
772.031	0.9799346
772.564	0.9797775
773.097	0.9796204
773.629	0.9794634
774.162	0.9792277
774.695	0.9790707
775.228	0.9789136
775.76	0.9787565
776.293	0.9785995
776.826	0.9784424
777.358	0.9782853
777.891	0.9781283
778.424	0.9779712
778.957	0.9778141
779.489	0.9777356
780.022	0.9775785
780.555	0.9767932
781.088	0.9767147
781.62	0.9767147
782.153	0.9767932
784.817	0.9755366
785.35	0.9756937
785.882	0.9756152
786.415	0.9755366
786.948	0.9753796
787.481	0.975144
788.013	0.9749869
788.546	0.9748298
789.079	0.9746728
789.612	0.9745157
790.144	0.9743586
790.677	0.9742016
791.21	0.9740445
791.743	0.9738089
792.275	0.9736518
792.808	0.9734948
793.341	0.9733377
793.873	0.9731806
794.406	0.9730236
794.939	0.9728665
795.472	0.9726309
796.004	0.9724738
796.537	0.9723168
797.07	0.9721597
797.603	0.9719241
798.135	0.971767
798.668	0.9715314
799.201	0.9713743
