900.0	0.94170886
899.0	0.94242453
898.0	0.94276869
897.0	0.94289223
896.0	0.94387057
895.0	0.94372006
894.0	0.94463108
893.0	0.9438077
892.0	0.9452494
891.0	0.9450703
890.0	0.94451465
889.0	0.94609848
888.0	0.94641636
887.0	0.94674563
886.0	0.94703984
885.0	0.94736804
884.0	0.94764283
883.0	0.9479954
882.0	0.94832907
881.0	0.94861628
880.0	0.94890597
879.0	0.94925354
878.0	0.94951847
877.0	0.94983423
876.0	0.95016172
875.0	0.95050111
874.0	0.95080066
873.0	0.9510878
872.0	0.95139515
871.0	0.95173445
870.0	0.95203173
869.0	0.95231924
868.0	0.95267181
867.0	0.95297307
866.0	0.95329908
865.0	0.95361371
864.0	0.95390846
863.0	0.95425948
862.0	0.95456995
861.0	0.95491679
860.0	0.95520952
859.0	0.95554128
858.0	0.95588891
857.0	0.95618407
856.0	0.95650351
855.0	0.95684427
854.0	0.95715753
853.0	0.95747665
852.0	0.95780225
851.0	0.95814307
850.0	0.95839027
849.0	0.95873222
848.0	0.95904242
847.0	0.95942312
846.0	0.95972723
845.0	0.96005443
844.0	0.96041312
843.0	0.9606727
842.0	0.96101371
841.0	0.96135943
840.0	0.96163668
839.0	0.96198705
838.0	0.96228675
837.0	0.96260153
836.0	0.96294536
835.0	0.96327537
834.0	0.96360165
833.0	0.96390681
832.0	0.96425168
831.0	0.96459517
830.0	0.9648584
829.0	0.96518058
828.0	0.96551111
827.0	0.96583984
826.0	0.96615063
825.0	0.96647709
824.0	0.96680698
823.0	0.96710545
822.0	0.96742904
821.0	0.96772444
820.0	0.96805678
819.0	0.96836587
818.0	0.96869486
817.0	0.96900611
816.0	0.96933654
815.0	0.9696597
814.0	0.969944
813.0	0.97025852
812.0	0.97056803
811.0	0.97087311
810.0	0.97118146
809.0	0.97151962
808.0	0.97181085
807.0	0.97212938
806.0	0.97245235
805.0	0.97275795
804.0	0.97306072
803.0	0.97336071
802.0	0.97369212
801.0	0.97397852
800.0	0.97427832
799.0	0.97458022
798.0	0.97487469
797.0	0.97517983
796.0	0.9754757
795.0	0.9757477
794.0	0.97604674
793.0	0.97633618
792.0	0.97662804
791.0	0.97693184
790.0	0.97719703
789.0	0.97748409
788.0	0.97781044
787.0	0.97809065
786.0	0.97836514
785.0	0.97864928
784.0	0.9789395
783.0	0.97923506
782.0	0.97951015
781.0	0.97977468
780.0	0.98005818
779.0	0.98035132
778.0	0.9806137
777.0	0.9808957700000001
776.0	0.98115578
775.0	0.98142449
774.0	0.98171252
773.0	0.98198937
772.0	0.98227238
771.0	0.98252009
770.0	0.98277591
769.0	0.98302953
768.0	0.98327609
767.0	0.98352253
766.0	0.98379215
765.0	0.98406307
764.0	0.98430519
763.0	0.98455132
762.0	0.98481432
761.0	0.98506548
760.0	0.98531622
759.0	0.98556232
758.0	0.98579478
757.0	0.98602684
756.0	0.98626613
755.0	0.98650466
754.0	0.9867502
753.0	0.98697661
752.0	0.98720952
751.0	0.98743675
750.0	0.98765882
749.0	0.98788582
748.0	0.98810064
747.0	0.98830972
746.0	0.98853222
745.0	0.9887557
744.0	0.98896883
743.0	0.98916944
742.0	0.98937964
741.0	0.98959382
740.0	0.98979236
739.0	0.98999993
738.0	0.99020622
737.0	0.99040413
736.0	0.99060437
735.0	0.990804
734.0	0.99098883
733.0	0.9911685
732.0	0.99135736
731.0	0.99153999
730.0	0.99171804
729.0	0.99190469
728.0	0.99208708
727.0	0.99225579
726.0	0.99242965
725.0	0.99260311
724.0	0.99277004
723.0	0.99293475
722.0	0.99309911
721.0	0.99325546
720.0	0.99340996
719.0	0.99356678
718.0	0.99371873
717.0	0.99387648
716.0	0.99403107
715.0	0.9941772
714.0	0.99431638
713.0	0.99445282
712.0	0.99459878
711.0	0.99474036
710.0	0.99487076
709.0	0.99499469
708.0	0.99512409
707.0	0.99525014
706.0	0.99536892
705.0	0.99550362
704.0	0.99562429
703.0	0.99574635
702.0	0.99586797
701.0	0.99596891
700.0	0.99608295
699.0	0.99619144
698.0	0.99628704
697.0	0.99638893
696.0	0.99649659
695.0	0.99659513
694.0	0.99669171
693.0	0.99679387
692.0	0.99688962
691.0	0.9969786
690.0	0.99706199
689.0	0.99714292
688.0	0.9972271
687.0	0.99731109
686.0	0.99739048
685.0	0.99746459
684.0	0.99753506
683.0	0.9976112
682.0	0.99768297
681.0	0.99774703
680.0	0.99780487
679.0	0.99786473
678.0	0.99792585
677.0	0.997992
676.0	0.99805184
675.0	0.99810412
674.0	0.99815309
673.0	0.99820743
672.0	0.99826186
671.0	0.99830826
670.0	0.99834451
669.0	0.99838861
668.0	0.99843298
667.0	0.9984798
666.0	0.99851696
665.0	0.99855514
664.0	0.9985885
663.0	0.99862277
662.0	0.99865276
661.0	0.99868379
660.0	0.99870815
659.0	0.99873328
658.0	0.99875873
657.0	0.99878351
656.0	0.99881406
655.0	0.99883219
654.0	0.99884939
653.0	0.9988674
652.0	0.99888553
651.0	0.99889991
650.0	0.99891158
649.0	0.99892355
648.0	0.99893048
647.0	0.99894042
646.0	0.99895485
645.0	0.99896036
644.0	0.99896653
643.0	0.99897928
642.0	0.99898464
641.0	0.99898549
640.0	0.99898718
639.0	0.99899616
638.0	0.99899511
637.0	0.99898869
636.0	0.99898669
635.0	0.9989922
634.0	0.99898934
633.0	0.99898282
632.0	0.99898276
631.0	0.99898455
630.0	0.9989755
629.0	0.99897183
628.0	0.99896444
627.0	0.99896162
626.0	0.99895309
625.0	0.99894208
624.0	0.99894469
623.0	0.9989383
622.0	0.99892636
621.0	0.99892352
620.0	0.99891809
619.0	0.99891353
618.0	0.9989023
617.0	0.99889039
616.0	0.99888198
615.0	0.9988792
614.0	0.99886637
613.0	0.99885805
612.0	0.99885051
611.0	0.99884317
610.0	0.99883056
609.0	0.9988257
608.0	0.99881634
607.0	0.99881362
606.0	0.99880425
605.0	0.99879584
604.0	0.99878844
603.0	0.99878017
602.0	0.99876913
601.0	0.99876528
600.0	0.99876515
599.0	0.99875865
598.0	0.99874861
597.0	0.99874296
596.0	0.99873539
595.0	0.99873538
594.0	0.99873074
593.0	0.99872946
592.0	0.99871835
591.0	0.99871743
590.0	0.99871376
589.0	0.99871086
588.0	0.99870329
587.0	0.99870688
586.0	0.9987038
585.0	0.99870377
584.0	0.9986982
583.0	0.99870366
582.0	0.99870421
581.0	0.9986995
580.0	0.99870041
579.0	0.99869942
578.0	0.99870535
577.0	0.99869804
576.0	0.99869697
575.0	0.99869973
574.0	0.99870495
573.0	0.99870029
572.0	0.99869808
571.0	0.9987093
570.0	0.99871002
569.0	0.99870498
568.0	0.99870257
567.0	0.99871052
566.0	0.99870742
565.0	0.9987046
564.0	0.99871102
563.0	0.99871441
562.0	0.99870794
561.0	0.9987087
560.0	0.99870518
559.0	0.99870611
558.0	0.99870419
557.0	0.99870113
556.0	0.9986947
555.0	0.99869738
554.0	0.99869906
553.0	0.99868575
552.0	0.99867818
551.0	0.99867565
550.0	0.99867354
549.0	0.99866125
548.0	0.99865388
547.0	0.99865249
546.0	0.99864244
545.0	0.99862572
544.0	0.99860814
543.0	0.99861076
542.0	0.99858914
541.0	0.99857425
540.0	0.99855491
539.0	0.99853888
538.0	0.99851586
537.0	0.99849433
536.0	0.99846915
535.0	0.9984534
534.0	0.99842203
533.0	0.99839571
532.0	0.99836792
531.0	0.99834389
530.0	0.99831428
529.0	0.99827365
528.0	0.99824462
527.0	0.99821132
526.0	0.99817294
525.0	0.99813653
524.0	0.99809545
523.0	0.99805841
522.0	0.99802041
521.0	0.99797032
520.0	0.9979157
519.0	0.99788601
518.0	0.99783035
517.0	0.99777931
516.0	0.9977359
515.0	0.99767752
514.0	0.99761829
513.0	0.99757511
512.0	0.99751558
511.0	0.99745705
510.0	0.9973996
509.0	0.99734262
508.0	0.99727701
507.0	0.99721626
506.0	0.99716266
505.0	0.99709003
504.0	0.99703476
503.0	0.99697521
502.0	0.9969113000000001
501.0	0.9968462
500.0	0.99678201
499.0	0.99672938
498.0	0.99667409
497.0	0.99658443
496.0	0.99654138
495.0	0.99648097
494.0	0.99640823
493.0	0.99635499
492.0	0.9963088
491.0	0.99624475
490.0	0.99620639
489.0	0.99615695
488.0	0.99609711
487.0	0.99606153
486.0	0.99601504
485.0	0.99598582
484.0	0.99592738
483.0	0.99591046
482.0	0.9958616
481.0	0.99586166
480.0	0.9958563
479.0	0.99584064
478.0	0.9958432
477.0	0.99584547
476.0	0.99585164
475.0	0.99586607
474.0	0.99586999
473.0	0.99588467
472.0	0.99589628
471.0	0.99593855
470.0	0.995977
469.0	0.99603502
468.0	0.99607893
467.0	0.99613392
466.0	0.99619696
465.0	0.99626044
464.0	0.99633876
463.0	0.99642229
462.0	0.9965112
461.0	0.99661839
460.0	0.99670482
459.0	0.99680777
458.0	0.9969216
457.0	0.99703187
456.0	0.99715906
455.0	0.99728125
454.0	0.99741708
453.0	0.99754598
452.0	0.99768666
451.0	0.99783314
450.0	0.99796448
449.0	0.99809434
448.0	0.99821331
447.0	0.99836256
446.0	0.9985008
445.0	0.99861568
444.0	0.99872902
443.0	0.99883395
442.0	0.99893198
441.0	0.99901793
440.0	0.99909726
439.0	0.99917126
438.0	0.99921596
437.0	0.99922876
436.0	0.99921448
435.0	0.99916933
434.0	0.99910648
433.0	0.99903524
432.0	0.99890006
431.0	0.9987341
430.0	0.99852754
429.0	0.9982303
428.0	0.99792913
427.0	0.99757964
426.0	0.99717073
425.0	0.99666396
424.0	0.99610981
423.0	0.99548392
422.0	0.99475172
421.0	0.99395664
420.0	0.99307321
419.0	0.99208274
418.0	0.99096683
417.0	0.98975413
416.0	0.98844893
415.0	0.98701227
414.0	0.98542331
413.0	0.98369277
412.0	0.9818579
411.0	0.9798829
410.0	0.97771602
409.0	0.97537988
408.0	0.97291011
407.0	0.97023439
406.0	0.96737277
405.0	0.96432082
404.0	0.96107101
403.0	0.95759693
402.0	0.95395755
401.0	0.95013117
400.0	0.94603596
399.0	0.94170976
398.0	0.93720278
397.0	0.93244635
396.0	0.92742274
395.0	0.9221539400000001
394.0	0.91668135
393.0	0.91097549
392.0	0.90500604
391.0	0.89880524
390.0	0.89241736
389.0	0.8857468
388.0	0.8788260999999999
387.0	0.87163201
386.0	0.86419773
385.0	0.8566148
384.0	0.84879126
383.0	0.84078504
382.0	0.83261416
381.0	0.82421873
380.0	0.81557697
379.0	0.80683259
378.0	0.79612755
377.0	0.78515312
376.0	0.77616887
375.0	0.7675139
374.0	0.75828527
373.0	0.74890213
372.0	0.73951451
371.0	0.73003144
370.0	0.72067159
369.0	0.71070265
368.0	0.7009274400000001
367.0	0.69108569
366.0	0.68116267
365.0	0.67148324
364.0	0.66155081
363.0	0.65168754
362.0	0.64220652
361.0	0.63267153
360.0	0.62312955
359.0	0.61356908
358.0	0.60403969
357.0	0.59492431
356.0	0.58594938
355.0	0.5767789400000001
354.0	0.56776399
353.0	0.55902374
352.0	0.55025336
351.0	0.54162629
350.0	0.5333777
349.0	0.52574192
348.0	0.51804017
347.0	0.51013511
346.0	0.50248774
345.0	0.49515711000000007
344.0	0.48783157
343.0	0.48108629999999997
342.0	0.47455246000000006
341.0	0.46826221
340.0	0.46223075
339.0	0.45583213
338.0	0.45032777999999996
337.0	0.44525331999999995
336.0	0.44005911
335.0	0.43467004
334.0	0.42968567999999996
333.0	0.42539638999999996
332.0	0.42148501000000005
331.0	0.41776957000000003
330.0	0.41405524000000005
329.0	0.41058863999999995
328.0	0.40706321
327.0	0.40393557
326.0	0.4011095
325.0	0.39914527
324.0	0.39775558
323.0	0.3955122
322.0	0.39363337
321.0	0.39308707
320.0	0.39200203
