1100.0	0.9893666
1099.0	0.98940954
1098.0	0.98956944
1097.0	0.98957436
1096.0	0.98964663
1095.0	0.98970924
1094.0	0.98982781
1093.0	0.98987979
1092.0	0.98981755
1091.0	0.98994708
1090.0	0.99022267
1089.0	0.99028168
1088.0	0.99031356
1087.0	0.9904304
1086.0	0.99044281
1085.0	0.99041888
1084.0	0.99064822
1083.0	0.9906699
1082.0	0.99083194
1081.0	0.99084061
1080.0	0.99093174
1079.0	0.99097874
1078.0	0.99117363
1077.0	0.9911762
1076.0	0.99123515
1075.0	0.99137369
1074.0	0.99128399
1073.0	0.99159252
1072.0	0.991435
1071.0	0.99161646
1070.0	0.99177737
1069.0	0.99183434
1068.0	0.99173579
1067.0	0.99191548
1066.0	0.99214659
1065.0	0.99218144
1064.0	0.9921211
1063.0	0.99239228
1062.0	0.99235055
1061.0	0.99237288
1060.0	0.99261239
1059.0	0.99269989
1058.0	0.99275116
1057.0	0.99277268
1056.0	0.99271904
1055.0	0.99274385
1054.0	0.99293239
1053.0	0.99295817
1052.0	0.9931956
1051.0	0.99313391
1050.0	0.99322474
1049.0	0.99324699
1048.0	0.99345767
1047.0	0.99344821
1046.0	0.99351724
1045.0	0.99346169
1044.0	0.99362171
1043.0	0.99372929
1042.0	0.99379504
1041.0	0.99400133
1040.0	0.99415445
1039.0	0.99398108
1038.0	0.99400396
1037.0	0.99414773
1036.0	0.99415095
1035.0	0.99429753
1034.0	0.99434595
1033.0	0.99425063
1032.0	0.99444405
1031.0	0.99462267
1030.0	0.99458298
1029.0	0.99463126
1028.0	0.99481295
1027.0	0.99474578
1026.0	0.99465853
1025.0	0.99486564
1024.0	0.99501105
1023.0	0.99509777
1022.0	0.99509157
1021.0	0.99520499
1020.0	0.99526418
1019.0	0.99532891
1018.0	0.99535567
1017.0	0.99524609
1016.0	0.99513095
1015.0	0.99524934
1014.0	0.99538908
1013.0	0.99540997
1012.0	0.99552595
1011.0	0.9956455
1010.0	0.99572979
1009.0	0.99561816
1008.0	0.99561417
1007.0	0.99578487
1006.0	0.99584757
1005.0	0.99592188
1004.0	0.99607167
1003.0	0.99617529
1002.0	0.99618816
1001.0	0.9960757
1000.0	0.99613783
999.0	0.99616867
998.0	0.99619523
997.0	0.99638982
996.0	0.99635349
995.0	0.99637248
994.0	0.99632035
993.0	0.99645984
992.0	0.99633335
991.0	0.99657857
990.0	0.99670221
989.0	0.99665968
988.0	0.99674991
987.0	0.99666489
986.0	0.9967065
985.0	0.99683104
984.0	0.99690339
983.0	0.99667801
982.0	0.99674222
981.0	0.99699984
980.0	0.99703687
979.0	0.99710972
978.0	0.99693914
977.0	0.99714827
976.0	0.99714374
975.0	0.99704702
974.0	0.99723372
973.0	0.99736539
972.0	0.99728897
971.0	0.99750486
970.0	0.99726775
969.0	0.99729273
968.0	0.99714942
967.0	0.99732913
966.0	0.99725572
965.0	0.99764971
964.0	0.99769016
963.0	0.99747005
962.0	0.99754517
961.0	0.99759581
960.0	0.9978387
959.0	0.99765703
958.0	0.99791355
957.0	0.99748123
956.0	0.99764208
955.0	0.99771945
954.0	0.99761606
953.0	0.9975127
952.0	0.99773206
951.0	0.99764828
950.0	0.99764783
949.0	0.99780745
948.0	0.99793789
947.0	0.99801124
946.0	0.99810657
945.0	0.99788059
944.0	0.99809164
943.0	0.99814743
942.0	0.99820078
941.0	0.99809938
940.0	0.99789261
939.0	0.99840848
938.0	0.99805385
937.0	0.99793977
936.0	0.99801456
935.0	0.99820621
934.0	0.99825241
933.0	0.99819302
932.0	0.99762917
931.0	0.99794374
930.0	0.99780603
929.0	0.99834503
928.0	0.99821575
927.0	0.99834667
926.0	0.99830111
925.0	0.99796143
924.0	0.9981172
923.0	0.99832848
922.0	0.99868312
921.0	0.99827979
920.0	0.99797378
919.0	0.99801828
918.0	0.99772013
917.0	0.99848022
916.0	0.99806261
915.0	0.9979245
914.0	0.99793149
913.0	0.99838916
912.0	0.9976516
911.0	0.99793746
910.0	0.99769634
909.0	0.99816431
908.0	0.99911069
907.0	0.99846359
906.0	0.99763824
905.0	0.99793299
904.0	0.99819037
903.0	0.99838639
902.0	0.99714849
901.0	0.99784695
900.0	0.9980627
899.0	0.99825311
898.0	0.99798593
897.0	0.99776877
896.0	0.99783834
895.0	0.99818027
894.0	0.9976113
893.0	0.99728353
892.0	0.99733272
891.0	0.99752825
890.0	0.99828523
889.0	0.99780482
888.0	0.99782375
887.0	0.99777814
886.0	0.99777668
885.0	0.99775769
884.0	0.99775458
883.0	0.99773829
882.0	0.9976814
881.0	0.99768789
880.0	0.99766574
879.0	0.99768543
878.0	0.99765133
877.0	0.9976564
876.0	0.99761396
875.0	0.99755518
874.0	0.9975584
873.0	0.99748978
872.0	0.99755214
871.0	0.99743735
870.0	0.99749463
869.0	0.99743397
868.0	0.99745729
867.0	0.99734305
866.0	0.99734594
865.0	0.99727219
864.0	0.99736815
863.0	0.9973009
862.0	0.99726079
861.0	0.99734813
860.0	0.99722136
859.0	0.99724283
858.0	0.99717127
857.0	0.9972116
856.0	0.99709149
855.0	0.99707456
854.0	0.99711063
853.0	0.99698896
852.0	0.99698025
851.0	0.99691355
850.0	0.99695452
849.0	0.99681744
848.0	0.9969586
847.0	0.9968883
846.0	0.99688292
845.0	0.99683724
844.0	0.99678701
843.0	0.99674583
842.0	0.99675241
841.0	0.99669644
840.0	0.99665855
839.0	0.99656607
838.0	0.99657235
837.0	0.9967048
836.0	0.99657799
835.0	0.99653319
834.0	0.99652566
833.0	0.99642827
832.0	0.99653541
831.0	0.99651249
830.0	0.99647744
829.0	0.99642447
828.0	0.99635774
827.0	0.996361
826.0	0.99625624
825.0	0.99622602
824.0	0.99622939
823.0	0.99620442
822.0	0.99621422
821.0	0.99619149
820.0	0.99616241
819.0	0.99610112
818.0	0.99598194
817.0	0.99604229
816.0	0.99603363
815.0	0.99605751
814.0	0.99599994
813.0	0.99599671
812.0	0.99604806
811.0	0.99592268
810.0	0.99592272
809.0	0.9959294
808.0	0.99593046
807.0	0.99588664
806.0	0.99587433
805.0	0.99575719
804.0	0.99579623
803.0	0.99581636
802.0	0.99575372
801.0	0.99570823
800.0	0.99560495
799.0	0.99561802
798.0	0.99569609
797.0	0.99558623
796.0	0.99557061
795.0	0.99555062
794.0	0.99559254
793.0	0.99567051
792.0	0.9956039
791.0	0.99557798
790.0	0.99556197
789.0	0.99553836
788.0	0.99557006
787.0	0.99557177
786.0	0.99550042
785.0	0.99548524
784.0	0.99547425
783.0	0.99549138
782.0	0.99546871
781.0	0.99547429
780.0	0.99551129
779.0	0.99550887
778.0	0.99550006
777.0	0.99550688
776.0	0.99549271
775.0	0.99547586
774.0	0.9954802
773.0	0.99552276
772.0	0.99551961
771.0	0.99549241
770.0	0.99554249
769.0	0.99558452
768.0	0.99554021
767.0	0.99550017
766.0	0.99551773
765.0	0.995554
764.0	0.99561304
763.0	0.99563456
762.0	0.99560262
761.0	0.99561177
760.0	0.99564488
759.0	0.9956159
758.0	0.99566336
757.0	0.99570117
756.0	0.99570647
755.0	0.99568554
754.0	0.99573196
753.0	0.99575672
752.0	0.99578176
751.0	0.99572381
750.0	0.99579142
749.0	0.9958449
748.0	0.99587629
747.0	0.99591573
746.0	0.99592436
745.0	0.9959524
744.0	0.99599031
743.0	0.99600966
742.0	0.99602748
741.0	0.99603346
740.0	0.99612483
739.0	0.99620375
738.0	0.99620349
737.0	0.99623525
736.0	0.99625862
735.0	0.99626447
734.0	0.99633419
733.0	0.99640879
732.0	0.99646385
731.0	0.99648216
730.0	0.99651323
729.0	0.99654149
728.0	0.99658677
727.0	0.99663775
726.0	0.99668653
725.0	0.99672747
724.0	0.99677459
723.0	0.99682325
722.0	0.99685438
721.0	0.99693097
720.0	0.99700594
719.0	0.99706892
718.0	0.99710983
717.0	0.99714833
716.0	0.99720756
715.0	0.99724447
714.0	0.99729542
713.0	0.99734167
712.0	0.99739685
711.0	0.99746268
710.0	0.99748692
709.0	0.99756312
708.0	0.99765658
707.0	0.9976794
706.0	0.99773289
705.0	0.99779801
704.0	0.99783927
703.0	0.99789404
702.0	0.99794773
701.0	0.99801465
700.0	0.99807033
699.0	0.99811299
698.0	0.99818454
697.0	0.99825014
696.0	0.99830276
695.0	0.9983406
694.0	0.99839304
693.0	0.99844406
692.0	0.99847596
691.0	0.99852459
690.0	0.99856731
689.0	0.99861244
688.0	0.99863613
687.0	0.99869159
686.0	0.99875516
685.0	0.99880855
684.0	0.99884305
683.0	0.99887234
682.0	0.99891316
681.0	0.99893018
680.0	0.99897109
679.0	0.99898819
678.0	0.99900473
677.0	0.99901924
676.0	0.99903469
675.0	0.99907211
674.0	0.99910866
673.0	0.99910305
672.0	0.9991257
671.0	0.99911644
670.0	0.99912009
669.0	0.9991053
668.0	0.99911977
667.0	0.99914176
666.0	0.99910709
665.0	0.99908697
664.0	0.99908684
663.0	0.99905403
662.0	0.99901851
661.0	0.99897443
660.0	0.99894058
659.0	0.99889146
658.0	0.99883918
657.0	0.99879231
656.0	0.99873579
655.0	0.99865439
654.0	0.99861413
653.0	0.99853078
652.0	0.99843028
651.0	0.99832985
650.0	0.99824026
649.0	0.99814398
648.0	0.99801328
647.0	0.99788367
646.0	0.99778216
645.0	0.99762941
644.0	0.9974729
643.0	0.99732986
642.0	0.99717154
641.0	0.99699977
640.0	0.99682775
639.0	0.99664283
638.0	0.99643
637.0	0.99622222
636.0	0.9960271
635.0	0.99578618
634.0	0.99553826
633.0	0.99527112
632.0	0.99502932
631.0	0.9947698
630.0	0.99446373
629.0	0.99416539
628.0	0.99387023
627.0	0.99355068
626.0	0.99320038
625.0	0.99284874
624.0	0.9924795
623.0	0.99211956
622.0	0.99174148
621.0	0.99132682
620.0	0.99089743
619.0	0.99048101
618.0	0.99003602
617.0	0.98956554
616.0	0.98908858
615.0	0.98860142
614.0	0.98807406
613.0	0.98756228
612.0	0.9870216
611.0	0.98644828
610.0	0.98586722
609.0	0.98527708
608.0	0.98469118
607.0	0.98405012
606.0	0.98338105
605.0	0.98271052
604.0	0.98201992
603.0	0.98131335
602.0	0.98059409
601.0	0.97985649
600.0	0.97907688
599.0	0.97830962
598.0	0.97751953
597.0	0.97666668
596.0	0.97584436
595.0	0.97496678
594.0	0.97407161
593.0	0.97313368
592.0	0.97222164
591.0	0.97125952
590.0	0.97029875
589.0	0.96929271
588.0	0.96828895
587.0	0.96723245
586.0	0.96614932
585.0	0.96504756
584.0	0.96394624
583.0	0.96283308
582.0	0.96166861
581.0	0.96047487
580.0	0.95927297
579.0	0.95802699
578.0	0.95677215
577.0	0.95550727
576.0	0.9542053
575.0	0.95287871
574.0	0.95151258
573.0	0.95016353
572.0	0.94874759
571.0	0.94733665
570.0	0.94588104
569.0	0.94441775
568.0	0.94290818
567.0	0.94141473
566.0	0.93987598
565.0	0.9382738
564.0	0.93669935
563.0	0.93508336
562.0	0.93345548
561.0	0.93174594
560.0	0.93008464
559.0	0.92837599
558.0	0.92665499
557.0	0.92488673
556.0	0.9231285499999999
555.0	0.92133574
554.0	0.9195257
553.0	0.91767672
552.0	0.91579924
551.0	0.91392412
550.0	0.9120214
549.0	0.91012732
548.0	0.9081894
547.0	0.9062311000000001
546.0	0.90423062
545.0	0.90225305
544.0	0.90019331
543.0	0.89816732
542.0	0.89610458
541.0	0.8940593299999999
540.0	0.89202011
539.0	0.88988195
538.0	0.88780673
537.0	0.8856366
536.0	0.88352442
535.0	0.88135601
534.0	0.8792183
533.0	0.87701558
532.0	0.87489986
531.0	0.87266543
530.0	0.87047581
529.0	0.8682095400000001
528.0	0.86604664
527.0	0.86387752
526.0	0.86157894
525.0	0.85932376
524.0	0.85707581
523.0	0.85484394
522.0	0.85257826
521.0	0.8503946099999999
520.0	0.8481503
519.0	0.84586198
518.0	0.84362606
517.0	0.84134107
516.0	0.83907941
515.0	0.83688073
514.0	0.8346054
513.0	0.83235546
512.0	0.83013191
511.0	0.82788047
510.0	0.82574546
509.0	0.82349408
508.0	0.82127141
507.0	0.8191270900000001
506.0	0.81690073
505.0	0.81477127
504.0	0.8125406900000001
503.0	0.8103576299999999
502.0	0.80821716
501.0	0.80619154
500.0	0.80407099
