1100.0	0.9890912
1099.0	0.9890646785
1098.0	0.989084453225
1097.0	0.98915713974125
1096.0	0.9892296467800625
1095.0	0.9892605082630531
1094.0	0.9893230915235951
1093.0	0.9893896012950559
1092.0	0.9894570111007975
1091.0	0.9895118809356779
1090.0	0.9895733822953262
1089.0	0.9896564024510273
1088.0	0.9897304450833732
1087.0	0.9898304433208672
1086.0	0.9898889818227371
1085.0	0.9899585890493265
1084.0	0.9900177656919276
1083.0	0.9900768093381385
1082.0	0.9901832254374177
1081.0	0.990293599121805
1080.0	0.9903938022535342
1079.0	0.9904738914155041
1078.0	0.9905831662031785
1077.0	0.9906549567727018
1076.0	0.9907257917567964
1075.0	0.990795310493277
1074.0	0.9908949854192854
1073.0	0.9909799716063926
1072.0	0.9910620603654338
1071.0	0.9911366328106187
1070.0	0.9912267073890259
1069.0	0.991303500280672
1068.0	0.9913857122385712
1067.0	0.9914540324027855
1066.0	0.9915339430423676
1065.0	0.9916278125860125
1064.0	0.9917090806981107
1063.0	0.9917660385933941
1062.0	0.991831554304385
1061.0	0.9919091366587272
1060.0	0.9920168401599181
1059.0	0.9921111556359304
1058.0	0.9921803827905409
1057.0	0.9922954443719597
1056.0	0.9923753172161658
1055.0	0.9924570361337409
1054.0	0.9925098052136797
1053.0	0.9925916279316278
1052.0	0.9926902997418836
1051.0	0.992758507780601
1050.0	0.992834786113511
1049.0	0.9929142746964843
1048.0	0.9929962384920117
1047.0	0.9930510922182099
1046.0	0.9931044303854785
1045.0	0.9931763778276567
1044.0	0.9932330706535082
1043.0	0.993297737055482
1042.0	0.9933799659971596
1041.0	0.9934638975975857
1040.0	0.9935401024579479
1039.0	0.9936168720892556
1038.0	0.9936931197758673
1037.0	0.9937832008094872
1036.0	0.9938822666880641
1035.0	0.9939768811848545
1034.0	0.9940570710071264
1033.0	0.9941120773560573
1032.0	0.9941640212526488
1031.0	0.9942069165647515
1030.0	0.9942669260800387
1029.0	0.994358006668033
1028.0	0.994443015167828
1027.0	0.9944717693926538
1026.0	0.9945200319837557
1025.0	0.9945983076861924
1024.0	0.9946504885332635
1023.0	0.9947063262532739
1022.0	0.9948047883152829
1021.0	0.9948956060679904
1020.0	0.9949539071577919
1019.0	0.9949904550841231
1018.0	0.9950356238215047
1017.0	0.995116815248279
1016.0	0.9951646974610371
1015.0	0.9951800773418815
1014.0	0.9952148087405993
1013.0	0.9952988809295094
1012.0	0.995370595790083
1011.0	0.9954475434215706
1010.0	0.995538207408335
1009.0	0.9955896742970847
1008.0	0.995638381652522
1007.0	0.9956787419046437
1006.0	0.9957268661189471
1005.0	0.995812809201105
1004.0	0.9958651563209393
1003.0	0.9958937573727984
1002.0	0.9959565582668787
1001.0	0.9960452100268469
1000.0	0.9960976440228199
999.0	0.9961438974193969
998.0	0.9962103478064873
997.0	0.9962771836355142
996.0	0.9963171595901871
995.0	0.9963837386516591
994.0	0.9964534513539102
993.0	0.9964921001508237
992.0	0.9965088251282
991.0	0.9965288748589701
990.0	0.9965839106301245
989.0	0.9966514645356059
988.0	0.996703371355265
987.0	0.9967581106519753
986.0	0.996827878554179
985.0	0.9968411897710521
984.0	0.9968726598053943
983.0	0.9969257058345852
982.0	0.9969389844593974
981.0	0.9969818492904878
980.0	0.9969816228969146
979.0	0.9970349249623774
978.0	0.9970997737180208
977.0	0.9971952631603177
976.0	0.99727519018627
975.0	0.9973192676583296
974.0	0.9973400580095801
973.0	0.997405326308143
972.0	0.9974799578619217
971.0	0.9975384551826334
970.0	0.9975320344052384
969.0	0.9975894852444526
968.0	0.9976173874577847
967.0	0.9976182068391171
966.0	0.9976120528132495
965.0	0.9976819598912621
964.0	0.9977015379075728
963.0	0.9976760562214368
962.0	0.9977044097882213
961.0	0.9977708658199881
960.0	0.9978292614469899
959.0	0.9979349257299414
958.0	0.9979815268704502
957.0	0.9980185758398826
956.0	0.9980501919639002
955.0	0.9981380001693152
954.0	0.998229053143918
953.0	0.9982893046723302
952.0	0.9982739004714807
951.0	0.9982964604007586
950.0	0.9982701008406448
949.0	0.9982974097145481
948.0	0.9983389792573659
947.0	0.998313329368761
946.0	0.9982918419634469
945.0	0.9983874621689298
944.0	0.9984262248435903
943.0	0.9984433841170518
942.0	0.9984256384994941
941.0	0.9984929077245699
940.0	0.9985147720658845
939.0	0.9985179592560017
938.0	0.9985410578676015
937.0	0.9985490186874613
936.0	0.9984831703843421
935.0	0.9985352758266908
934.0	0.9985911124526872
933.0	0.9986891070847841
932.0	0.9986408870220664
931.0	0.9986423949687565
930.0	0.998560704223443
929.0	0.9986539645899266
928.0	0.9986856634014376
927.0	0.998709523391222
926.0	0.9988378538825387
925.0	0.9988971243001579
924.0	0.9989399036551342
923.0	0.9988991586068641
922.0	0.9990100493158345
921.0	0.9991373619184593
920.0	0.9989871411306904
919.0	0.9989735584610868
918.0	0.9989657421919238
917.0	0.9989979483631353
916.0	0.9989318556086649
915.0	0.9989544027673652
914.0	0.9989322713522604
913.0	0.9988917036494214
912.0	0.9989189536020081
911.0	0.999069335561707
910.0	0.9989835392274509
909.0	0.9990342273433332
908.0	0.9990127987418332
907.0	0.9990601524305582
906.0	0.9991347095659745
905.0	0.9992858721310783
904.0	0.9991474533114166
903.0	0.9991140718147041
902.0	0.9992281900424985
901.0	0.9991141390361237
900.0	0.9990979226807052
899.0	0.9991287337785993
898.0	0.9990661397118095
897.0	0.999062910255038
896.0	0.9991393697167823
895.0	0.999286860259265
894.0	0.9991906967203752
893.0	0.999248789712319
892.0	0.9992412425547111
891.0	0.9992749811171504
890.0	0.9992667802949577
889.0	0.9992407085071412
888.0	0.99924662523107
887.0	0.9990845419464095
886.0	0.9989406436544481
885.0	0.9988166726062809
884.0	0.9987090742153387
883.0	0.998611608083038
882.0	0.9985324098705822
881.0	0.9984605583899949
880.0	0.9983983041314957
879.0	0.9983407245117714
878.0	0.9982880573350056
877.0	0.9982422792347547
876.0	0.9982009783495416
875.0	0.9981612585971104
874.0	0.9981251358075438
873.0	0.9980889909364122
872.0	0.9980565817959504
871.0	0.9980268155265578
870.0	0.9979983146975742
869.0	0.997966617492938
868.0	0.9979375163689973
867.0	0.9979134194136478
866.0	0.9978861705016006
865.0	0.9978591089263604
864.0	0.9978300570874065
863.0	0.9978110465242954
862.0	0.9977842960456511
861.0	0.9977554036388034
860.0	0.9977288320929829
859.0	0.9977051407790355
858.0	0.9976782936621802
857.0	0.9976580701128531
856.0	0.9976350945959251
855.0	0.9976089324065364
854.0	0.997585755545556
853.0	0.9975651627137225
852.0	0.9975417248066641
851.0	0.9975103890856646
850.0	0.9974828432228149
849.0	0.9974572062393926
848.0	0.9974327613034837
847.0	0.9974051131079612
846.0	0.997380458641767
845.0	0.9973535278455019
844.0	0.9973231531686767
843.0	0.9972897431933752
842.0	0.9972617002143689
841.0	0.9972300636822136
840.0	0.9972041431298815
839.0	0.9971739686603993
838.0	0.9971424778613394
837.0	0.9971149846821384
836.0	0.9970867809798177
835.0	0.9970595393328451
834.0	0.9970388589329183
833.0	0.9970132840929805
832.0	0.9969878464790335
831.0	0.9969611200071784
830.0	0.9969281590061017
829.0	0.9968966591551864
828.0	0.9968669037819085
827.0	0.9968367322146222
826.0	0.9968089368824289
825.0	0.9967837253500645
824.0	0.9967555275475548
823.0	0.9967266604154217
822.0	0.9967005288531083
821.0	0.9966709850251422
820.0	0.9966401787713708
819.0	0.9966098114556652
818.0	0.9965786832373154
817.0	0.9965481637517181
816.0	0.9965208286889604
815.0	0.9964904688856163
814.0	0.9964611470527739
813.0	0.9964355529948578
812.0	0.9964140845456291
811.0	0.9963944518637847
810.0	0.996371090584217
809.0	0.9963444834965844
808.0	0.9963195184720968
807.0	0.9962877142012823
806.0	0.9962580015710899
805.0	0.9962329363354264
804.0	0.9962047878851125
803.0	0.9961799932023456
802.0	0.9961577792219938
801.0	0.9961348113386947
800.0	0.9961058161378905
799.0	0.9960819517172069
798.0	0.9960629329596259
797.0	0.996039475515682
796.0	0.9960173796883297
795.0	0.9960006127350802
794.0	0.9959796468248182
793.0	0.9959609153010954
792.0	0.9959421060059311
791.0	0.9959223936050415
790.0	0.9958967385642853
789.0	0.9958776692796425
788.0	0.9958637208876961
787.0	0.9958469492545416
786.0	0.9958308603663605
785.0	0.9958148613114064
784.0	0.9957985951146954
783.0	0.9957858758474911
782.0	0.9957724619703674
781.0	0.9957573551748123
780.0	0.9957433638985905
779.0	0.9957329953138019
778.0	0.9957221105167317
777.0	0.9957137674392219
776.0	0.9957054458233386
775.0	0.99566321
774.0	0.99564621
773.0	0.99565433
772.0	0.99563921
771.0	0.9956212
770.0	0.99562746
769.0	0.9956377
768.0	0.99562207
767.0	0.99561364
766.0	0.99561992
765.0	0.99561695
764.0	0.99563182
763.0	0.99565085
762.0	0.9956577
761.0	0.99565851
760.0	0.99567859
759.0	0.99568181
758.0	0.99569214
757.0	0.9957051
756.0	0.99571549
755.0	0.99573338
754.0	0.99574375
753.0	0.99576279
752.0	0.9957839
751.0	0.99580966
750.0	0.99581669
749.0	0.99583652
748.0	0.99584951
747.0	0.99585463
746.0	0.99589286
745.0	0.9959234
744.0	0.9959484
743.0	0.9959766
742.0	0.99599483
741.0	0.99601744
740.0	0.9960505
739.0	0.99608408
738.0	0.99611665
737.0	0.99614857
736.0	0.99617697
735.0	0.99621566
734.0	0.99625976
733.0	0.99628902
732.0	0.99631917
731.0	0.99636626
730.0	0.99640322
729.0	0.99644617
728.0	0.99648636
727.0	0.99651296
726.0	0.99655953
725.0	0.99659788
724.0	0.99664293
723.0	0.99669371
722.0	0.99673529
721.0	0.9967813
720.0	0.99682335
719.0	0.99687842
718.0	0.99693513
717.0	0.99698393
716.0	0.99702744
715.0	0.99707892
714.0	0.99713382
713.0	0.99719093
712.0	0.99724117
711.0	0.99728792
710.0	0.99734629
709.0	0.99739145
708.0	0.99744601
707.0	0.99751025
706.0	0.99756137
705.0	0.99761729
704.0	0.99767168
703.0	0.99772308
702.0	0.99777528
701.0	0.99783201
700.0	0.99788612
699.0	0.99793693
698.0	0.99798818
697.0	0.99803395
696.0	0.99808915
695.0	0.99815244
694.0	0.99820306
693.0	0.99825027
692.0	0.99829644
691.0	0.99836204
690.0	0.99842074
689.0	0.9984635
688.0	0.99850589
687.0	0.99855281
686.0	0.9986089
685.0	0.99865688
684.0	0.99869194
683.0	0.99873521
682.0	0.99878141
681.0	0.99881124
680.0	0.9988438
679.0	0.99888806
678.0	0.99891878
677.0	0.9989449
676.0	0.99897917
675.0	0.99901627
674.0	0.99904265
673.0	0.99905448
672.0	0.99907335
671.0	0.99909408
670.0	0.99909679
669.0	0.9991141
668.0	0.99913385
667.0	0.99914008
666.0	0.99913281
665.0	0.9991338
664.0	0.9991292
663.0	0.99911534
662.0	0.99910172
661.0	0.99909068
660.0	0.99906165
659.0	0.99903079
658.0	0.99899618
657.0	0.99895971
656.0	0.99891431
655.0	0.99886697
654.0	0.99881781
653.0	0.99875594
652.0	0.9986913
651.0	0.99862035
650.0	0.99853864
649.0	0.99845123
648.0	0.99836673
647.0	0.99826372
646.0	0.9981583
645.0	0.99805092
644.0	0.99793009
643.0	0.99780536
642.0	0.99767012
641.0	0.9975273
640.0	0.99737045
639.0	0.9972144
638.0	0.99704169
637.0	0.99685325
636.0	0.99665909
635.0	0.99645948
634.0	0.99624835
633.0	0.99602585
632.0	0.99580173
631.0	0.99555794
630.0	0.99529995
629.0	0.99503914
628.0	0.99477506
627.0	0.99447439
626.0	0.99417674
625.0	0.99386717
624.0	0.99354041
623.0	0.99320245
622.0	0.99284894
621.0	0.99247866
620.0	0.99209616
619.0	0.99171162
618.0	0.99130683
617.0	0.99088128
616.0	0.9904426
615.0	0.98998512
614.0	0.98951521
613.0	0.98902958
612.0	0.98852863
611.0	0.98801083
610.0	0.98747836
609.0	0.98691528
608.0	0.98635722
607.0	0.98576537
606.0	0.9851609
605.0	0.98453044
604.0	0.98389081
603.0	0.98322897
602.0	0.98254473
601.0	0.98184485
600.0	0.98112211
599.0	0.98038717
598.0	0.97962826
597.0	0.97885515
596.0	0.97804108
595.0	0.97721701
594.0	0.97637067
593.0	0.9755066
592.0	0.97461616
591.0	0.97371299
590.0	0.97276976
589.0	0.97181582
588.0	0.97086364
587.0	0.96984954
586.0	0.96882194
585.0	0.96776837
584.0	0.9667044300000001
583.0	0.96561635
582.0	0.96449951
581.0	0.96335133
580.0	0.9621915
579.0	0.9610080599999999
578.0	0.9597924
577.0	0.95855238
576.0	0.95728983
575.0	0.95599839
574.0	0.95468977
573.0	0.95335446
572.0	0.95198993
571.0	0.95060003
570.0	0.94920573
569.0	0.9477809
568.0	0.94630807
567.0	0.94482303
566.0	0.94331997
565.0	0.94179196
564.0	0.94023725
563.0	0.93869452
562.0	0.93708126
561.0	0.93532041
560.0	0.93362915
559.0	0.9319769
558.0	0.93023793
557.0	0.92852717
556.0	0.9267796
555.0	0.92495752
554.0	0.92319288
553.0	0.9213793299999999
552.0	0.91953494
551.0	0.91767151
550.0	0.91577772
549.0	0.91387102
548.0	0.91193421
547.0	0.90999213
546.0	0.90801115
545.0	0.90598829
544.0	0.90401292
543.0	0.90196023
542.0	0.89997116
541.0	0.89789646
540.0	0.8957801599999999
539.0	0.8937153
538.0	0.89154212
537.0	0.88944293
536.0	0.88730115
535.0	0.88509189
534.0	0.88291679
533.0	0.88072843
532.0	0.87855245
531.0	0.87638862
530.0	0.87410013
529.0	0.8719251
528.0	0.86969876
527.0	0.86741677
526.0	0.8651337299999999
525.0	0.86282216
524.0	0.8605595500000001
523.0	0.85827433
522.0	0.85597717
521.0	0.8537678
520.0	0.85141902
519.0	0.84914313
518.0	0.8468454400000001
517.0	0.84449453
516.0	0.84219636
515.0	0.83990689
514.0	0.83758571
513.0	0.83527282
512.0	0.8330502
511.0	0.83076788
510.0	0.82836205
509.0	0.82615099
508.0	0.8238009900000001
507.0	0.82158785
506.0	0.81928825
505.0	0.81699069
504.0	0.81466438
503.0	0.81248104
502.0	0.81026763
501.0	0.80805762
500.0	0.80584551
