320.0	0.7094904033469362
321.0	0.7079851773178854
322.0	0.7079764381787346
323.0	0.7082110390928448
324.0	0.7075346141788857
325.0	0.7073206010543124
326.0	0.707749853751589
327.0	0.7092898148866806
328.0	0.7101076183995411
329.0	0.7129373578445226
330.0	0.7146102761730997
331.0	0.7169067329749771
332.0	0.7195745952636583
333.0	0.723062646939789
334.0	0.7252053686730304
335.0	0.7287093887055315
336.0	0.734018815076696
337.0	0.7379359067265003
338.0	0.7418
339.0	0.7474898536886855
340.0	0.7513740558121353
341.0	0.7557741055290438
342.0	0.7622130060030585
343.0	0.7679567572288355
344.0	0.7729848722098106
345.0	0.7809442504336925
346.0	0.7860677344010676
347.0	0.7919340517209068
348.0	0.7991877164980085
349.0	0.8053275662898778
350.0	0.8134822525538346
351.0	0.821107567410844
352.0	0.8272657478066395
353.0	0.833184656556646
354.0	0.8412114027297009
355.0	0.8482924984652501
356.0	0.8546529723000313
357.0	0.8632602655140477
358.0	0.8684645527929112
359.0	0.8768061024070233
360.0	0.8845333044414025
361.0	0.8922402113810187
362.0	0.8986547482650948
363.0	0.9068566055297396
364.0	0.9119671715924793
365.0	0.9195730708647647
366.0	0.9267089499647636
367.0	0.9321141264480082
368.0	0.9373820627142919
369.0	0.9448998046875
370.0	0.9516705892608089
371.0	0.9541206592312065
372.0	0.9604953738338321
373.0	0.9667843692700617
374.0	0.9734008382952857
375.0	0.9737339640432017
376.0	0.9789325035669245
377.0	0.9835041636832657
378.0	0.98655847205377
379.0	0.9890023266009866
380.0	0.9909011242897111
381.0	0.9926968172846794
382.0	0.9950683821651561
383.0	0.9969417121844536
384.0	0.9973724627090982
385.0	0.998087421771919
386.0	0.9990716845047112
387.0	0.9990981129960838
388.0	0.9997074019263468
389.0	0.9994306545241994
390.0	0.9986110366699392
391.0	0.9975640401450362
392.0	0.9968240417969496
393.0	0.9943100835741623
394.0	0.9926596778168953
395.0	0.9903405015845328
396.0	0.9890683136250659
397.0	0.9861859450695799
398.0	0.983180544593207
399.0	0.9807593274454773
400.0	0.9786346920973387
401.0	0.97419921875
402.0	0.971639861171336
403.0	0.9679425887060168
404.0	0.9641827248300404
405.0	0.9597231639919453
406.0	0.956516784126056
407.0	0.9532022418841904
408.0	0.9495070485254076
409.0	0.9455368782161235
410.0	0.9410389973628205
411.0	0.9377482698187307
412.0	0.9330949423137012
413.0	0.9292020169832662
414.0	0.9253306755985702
415.0	0.9214885573308814
416.0	0.9170190633815295
417.0	0.9131666934877728
418.0	0.909322043893232
419.0	0.904654596305611
420.0	0.9014809157105617
421.0	0.8970567471101444
422.0	0.8931607374284875
423.0	0.8896105664298054
424.0	0.8855985942271184
425.0	0.881720373493398
426.0	0.8785725024430578
427.0	0.8750452039130203
428.0	0.871193731718026
429.0	0.8677090701692017
430.0	0.8645164343658608
431.0	0.8609237462952779
432.0	0.8576728490745092
433.0	0.8547457735111716
434.0	0.8517856015995645
435.0	0.8492130720283386
436.0	0.8457881652769993
437.0	0.843010195669384
438.0	0.8404202849468281
439.0	0.8376468865524401
440.0	0.8351286436723723
441.0	0.8327945919849615
442.0	0.8300497466277281
443.0	0.8279711534489615
444.0	0.8258242778395828
445.0	0.8239154916361959
446.0	0.8218320859012092
447.0	0.8200210387863713
448.0	0.8180781724126637
449.0	0.8165752928390292
450.0	0.8146283704264685
451.0	0.8130205102230136
452.0	0.8115424167432879
453.0	0.810575897285632
454.0	0.80899921875
455.0	0.8078124581324814
456.0	0.8065765686876142
457.0	0.8054210866089023
458.0	0.8045059682783839
459.0	0.8035195641117509
460.0	0.8027413835214937
461.0	0.8020583495260382
462.0	0.8014583524070137
463.0	0.8006097489334614
464.0	0.8000185330040188
465.0	0.7995628504422361
466.0	0.79945691737845
467.0	0.7991609371952714
468.0	0.798780485699282
469.0	0.7984280863323865
470.0	0.7982388733136505
471.0	0.7982249540664264
472.0	0.7985735325505365
473.0	0.798337731325324
474.0	0.7985226261378442
475.0	0.7988850612354434
476.0	0.7989772271654485
477.0	0.7992140233375381
478.0	0.7998192994917998
479.0	0.800030066089225
480.0	0.8005387826723076
481.0	0.8012120542413079
482.0	0.8017388793407144
483.0	0.8025122512258507
484.0	0.8030580577318776
485.0	0.803981508628854
486.0	0.8046573415369414
487.0	0.8055635283542388
488.0	0.8064962096419731
489.0	0.8072968419291846
490.0	0.8083035492188342
491.0	0.8092391035923809
492.0	0.8104804388373431
493.0	0.8116635006089292
494.0	0.8124850056374258
495.0	0.8137309712507834
496.0	0.8153011653089449
497.0	0.8164005554789424
498.0	0.8174751755587033
499.0	0.818967724912981
500.0	0.8201347939812073
501.0	0.8216928478514783
502.0	0.8230415345491471
503.0	0.824447689342384
504.0	0.8257988325328356
505.0	0.8273119333112808
506.0	0.8288108983408108
507.0	0.8304672948657209
508.0	0.8321539723185072
509.0	0.8335003957137226
510.0	0.8351027194992053
511.0	0.836765517039916
512.0	0.8383106996362164
513.0	0.8400038782191898
514.0	0.8416005091523411
515.0	0.8436042419504333
516.0	0.8451680243252779
517.0	0.8466523319765694
518.0	0.8488841825093948
519.0	0.8503583671300072
520.0	0.8522203205317455
521.0	0.8541492910758965
522.0	0.8559112142576988
523.0	0.8576559640843958
524.0	0.8596377169309
525.0	0.8613382046005195
526.0	0.8631434890131956
527.0	0.8649685828979128
528.0	0.8667724539508348
529.0	0.8687108288271468
530.0	0.8705450557633471
531.0	0.8726150201420382
532.0	0.8742508186993658
533.0	0.87594492379435
534.0	0.8779731388573032
535.0	0.8799066320169884
536.0	0.8818782309182784
537.0	0.8835226072418019
538.0	0.8853546250202917
539.0	0.8874464193422985
540.0	0.8891442585979743
541.0	0.8912147119639373
542.0	0.8930085347831456
543.0	0.8948132970659083
544.0	0.896645516320548
545.0	0.8984571631232598
546.0	0.9001378961003046
547.0	0.9020008766196812
548.0	0.9036474649609454
549.0	0.9055349782044777
550.0	0.9074187062174461
551.0	0.9090646163039203
552.0	0.9108855304485255
553.0	0.9124786476005248
554.0	0.9142096336207685
555.0	0.916018216857415
556.0	0.9175470765390803
557.0	0.9193925371271855
558.0	0.9208039467755569
559.0	0.9226810244165804
560.0	0.9243149727908718
561.0	0.9256751152314213
562.0	0.9273422459169983
563.0	0.9291393964791845
564.0	0.9304446671212772
565.0	0.9321274023582271
566.0	0.933679712369836
567.0	0.9352481564923534
568.0	0.9366845642346997
569.0	0.938167349755287
570.0	0.9395101158507758
571.0	0.9410016221042699
572.0	0.9424275831413053
573.0	0.944006495380612
574.0	0.9453452320578557
575.0	0.9466072357591843
576.0	0.9480078144986369
577.0	0.9494438821019299
578.0	0.9507187331016987
579.0	0.9519643051787818
580.0	0.9531723026384478
581.0	0.9545459162312748
582.0	0.9556424167636416
583.0	0.9569249298334828
584.0	0.9581561887511089
585.0	0.9594188933069341
586.0	0.9606030416559075
587.0	0.9615655326268823
588.0	0.962697675067851
589.0	0.963843905973604
590.0	0.9648332535884953
591.0	0.9658333332404108
592.0	0.966852043599764
593.0	0.9678216120679168
594.0	0.968989247311828
595.0	0.9700137813811555
596.0	0.9707841189333061
597.0	0.9716293984002463
598.0	0.9725507139755329
599.0	0.973606065516089
600.0	0.9743784056072985
601.0	0.9753692700252489
602.0	0.9761103616271982
603.0	0.976984179900594
604.0	0.9777593756029258
605.0	0.978596260579232
606.0	0.979287554600876
607.0	0.9800213880267006
608.0	0.9807202689091752
609.0	0.9814495747451666
610.0	0.9821831959311986
611.0	0.982883328935366
612.0	0.9834151703749839
613.0	0.9840712864920574
614.0	0.9846771279493116
615.0	0.9853454570882779
616.0	0.985899658203125
617.0	0.986331694164818
618.0	0.9871440211004076
619.0	0.9876903706283044
620.0	0.9880507484068165
621.0	0.9885993408203125
622.0	0.9892433703010112
623.0	0.9896495275726602
624.0	0.989989796029424
625.0	0.9904211600264483
626.0	0.9908650289059185
627.0	0.9911655990940061
628.0	0.9917095244666235
629.0	0.9921463008871207
630.0	0.9923556391861695
631.0	0.9928462149232978
632.0	0.993225156526767
633.0	0.99349290465415
634.0	0.9938434823789416
635.0	0.9941167125912259
636.0	0.9943536286819868
637.0	0.9947507493828304
638.0	0.9950313498166331
639.0	0.9953534062175302
640.0	0.9955979985718237
641.0	0.9958403457522859
642.0	0.9960083146790796
643.0	0.9962132908655729
644.0	0.9964573392177577
645.0	0.9966616081091412
646.0	0.9968279677491069
647.0	0.9969161818212885
648.0	0.9971558948860048
649.0	0.9973581119654601
650.0	0.9974054678706686
651.0	0.9976806868768581
652.0	0.9977252621430999
653.0	0.9978462840706328
654.0	0.9981542224586976
655.0	0.9981214419476326
656.0	0.9983127083543548
657.0	0.9983904099378766
658.0	0.9983181838656113
659.0	0.9984314161773632
660.0	0.9985819814286668
661.0	0.9986566662935185
662.0	0.998618782207182
663.0	0.9987666820868348
664.0	0.9989147131755997
665.0	0.9988374355944982
666.0	0.9988719887629306
667.0	0.9990188362976256
668.0	0.9990530068216824
669.0	0.9989351812043872
670.0	0.99892988899968
671.0	0.9991547441076207
672.0	0.9989949522618368
673.0	0.9990280537784861
674.0	0.9990221294671219
675.0	0.9990547290939584
676.0	0.9990877540834139
677.0	0.9990412423737316
678.0	0.9990342296477113
679.0	0.9989866400276204
680.0	0.9990200222542704
681.0	0.9989304556008284
682.0	0.9989636197363283
683.0	0.9988307083223713
684.0	0.9988649020218238
685.0	0.9989838823317637
686.0	0.9988063837805269
687.0	0.998798924868227
688.0	0.9987919260633814
689.0	0.9987415011703391
690.0	0.9986482518135458
691.0	0.9985981187687131
692.0	0.9985920534609514
693.0	0.9984983177554684
694.0	0.9985370953851801
695.0	0.9984449379295026
696.0	0.9983973696239263
697.0	0.9983505653293647
698.0	0.9982600104182363
699.0	0.9981706168793245
700.0	0.9982606368744983
701.0	0.9981733003345142
702.0	0.997998049246075
703.0	0.9981808377518764
704.0	0.9979652041482695
705.0	0.9979280121781012
706.0	0.9978933994279263
707.0	0.997772093051599
708.0	0.9977827968703109
709.0	0.9976228575235832
710.0	0.9975945029521488
711.0	0.997524770414485
712.0	0.9974997619628906
713.0	0.9973483995290832
714.0	0.9971998779296875
715.0	0.9973020047813177
716.0	0.997238543994476
717.0	0.9971339905002261
718.0	0.9970692946536538
719.0	0.9970842481991902
720.0	0.9970176375947774
721.0	0.9968687505783482
722.0	0.9968358822492757
723.0	0.9967578683399629
724.0	0.996675459334745
725.0	0.9965854325346133
726.0	0.9965286953955618
727.0	0.996461365356692
728.0	0.9963840430791201
729.0	0.9964615306743894
730.0	0.9963606074481286
731.0	0.9964205034060726
732.0	0.9962501059448362
733.0	0.996281842137761
734.0	0.9961752732155791
735.0	0.9961836738110829
736.0	0.996133238368927
737.0	0.996174497122851
738.0	0.99602585476288
739.0	0.9958561057676979
740.0	0.995813926873943
741.0	0.9957345737688631
742.0	0.9958552893716656
743.0	0.9957370017696415
744.0	0.9958311222449787
745.0	0.9957316765283408
746.0	0.9956683571565286
747.0	0.9956680292110204
748.0	0.9957408002790004
749.0	0.9956256910052793
750.0	0.9956669503539065
751.0	0.9956271078974146
752.0	0.9956138442099681
753.0	0.9955311641163728
754.0	0.9955235085628549
755.0	0.9955358472578726
756.0	0.9955055689366453
757.0	0.9955031831159387
758.0	0.9954636418968712
759.0	0.995464863647018
760.0	0.9953092550171454
761.0	0.995365664460807
762.0	0.9953766859821048
763.0	0.9953153018202937
764.0	0.9953403332091472
765.0	0.9953288402567937
766.0	0.995317984759669
767.0	0.9952687750642751
768.0	0.9951752869903996
769.0	0.9953020185854602
770.0	0.99525872670339
771.0	0.9952140142502024
772.0	0.9951255982274182
773.0	0.9953556795504134
774.0	0.9953137989604613
775.0	0.9952756397816713
776.0	0.9951879228310498
777.0	0.9952454660461206
778.0	0.9952084663606099
779.0	0.9953607144421082
780.0	0.9954719350451354
781.0	0.9952955116596307
782.0	0.9952598441710823
783.0	0.9953252993966595
784.0	0.9953947890741955
785.0	0.995261772150726
786.0	0.9952833895866456
787.0	0.9955537039206064
788.0	0.9953749836879857
789.0	0.9954481821351101
790.0	0.9955769231362487
791.0	0.995499365234375
792.0	0.9954742502746741
793.0	0.9955019832105545
794.0	0.995582162156833
795.0	0.9955093043794113
796.0	0.9955393675473463
797.0	0.9956248131113518
798.0	0.995496583889699
799.0	0.9956915316900014
800.0	0.9957262431086531
801.0	0.9956551343453985
802.0	0.9956367901591446
803.0	0.9958391626945637
804.0	0.9958231574941678
805.0	0.9958637971704233
806.0	0.9959059871240228
807.0	0.9959471878210251
808.0	0.9959912243451484
809.0	0.9959785535448323
810.0	0.9959104126486031
811.0	0.995899853515625
812.0	0.9960582979131606
813.0	0.9960482857041618
814.0	0.9962079688664781
815.0	0.9961996215820312
816.0	0.9961919329516272
817.0	0.9962433452341952
818.0	0.9962937245822725
819.0	0.9963454491616172
820.0	0.9963968749723898
821.0	0.9964513876793812
822.0	0.9965039385850122
823.0	0.9965016563199102
824.0	0.9965009717975059
825.0	0.99649990234375
826.0	0.9966131681746071
827.0	0.996726997974429
828.0	0.9966132828195855
829.0	0.9969023573527015
830.0	0.9966738944016248
831.0	0.9968492593104245
832.0	0.9969674092521439
833.0	0.9969713595163359
834.0	0.99697657647178
835.0	0.9969821545481264
836.0	0.9971581220870751
837.0	0.9971085157047285
838.0	0.9970583618644461
839.0	0.9971242368306785
840.0	0.9973022230889464
841.0	0.9973112623584883
842.0	0.9971537100620198
843.0	0.9974420757526694
844.0	0.9973429258400723
845.0	0.9974659338090507
846.0	0.997369105613
847.0	0.997492174396338
848.0	0.9976685682096122
849.0	0.997736169224109
850.0	0.9977500972154124
851.0	0.9976050234677369
852.0	0.9976214833275612
853.0	0.9977955164666225
854.0	0.9977076086607876
855.0	0.997881519635276
856.0	0.9978468424605007
857.0	0.9980681575748087
858.0	0.9978827051680237
859.0	0.9981015551534079
860.0	0.9978703401644061
861.0	0.9980867136493012
862.0	0.9982013640766253
863.0	0.9982670544759232
864.0	0.9980925271081243
865.0	0.9982530767744116
866.0	0.9981303316293882
867.0	0.9982405776034378
868.0	0.9983056744536674
869.0	0.998503057551714
870.0	0.9983840733017523
871.0	0.998356155792465
872.0	0.9985053605497681
873.0	0.9985629494492587
874.0	0.9985338298106555
875.0	0.9986333512395932
876.0	0.9987313552887148
877.0	0.998575324574496
878.0	0.9987538764204485
879.0	0.9986411966032187
880.0	0.9988153558562045
881.0	0.9987428416666972
882.0	0.998872537338918
883.0	0.9987999298095703
884.0	0.9988067046399365
885.0	0.9989314383725145
886.0	0.9988573010779161
887.0	0.9989791837508707
888.0	0.9989822335093832
889.0	0.9989450378691668
890.0	0.9990243318409469
891.0	0.998946040023931
892.0	0.9991014882725485
893.0	0.9990601871793868
894.0	0.9991357647523623
895.0	0.999171373525991
896.0	0.9990476209858701
897.0	0.9990811059827164
898.0	0.999235047956586
899.0	0.9992689519350965
900.0	0.9992207743938739
901.0	0.9992120159223858
902.0	0.9992445271494301
903.0	0.9993195849191545
904.0	0.9992235032670962
905.0	0.9992547778086416
906.0	0.9992423198365787
907.0	0.9991383145431645
908.0	0.9992146272311789
909.0	0.9991993865966797
910.0	0.999231379691055
911.0	0.9993131005875623
912.0	0.999347994155134
913.0	0.9993844077187158
914.0	0.9992648747210016
915.0	0.9992612586538221
916.0	0.9993562450994604
917.0	0.9993127886130336
918.0	0.9994061905999798
919.0	0.9992260542238808
920.0	0.9993644841590958
921.0	0.999275565919267
922.0	0.9991870013979417
923.0	0.9993687567660843
924.0	0.9993699208587564
925.0	0.9992361009936469
926.0	0.9991920813846611
927.0	0.99914837017532
928.0	0.9990593226402245
929.0	0.9992833939732421
930.0	0.9991489546910808
931.0	0.9991035561594358
932.0	0.9991935052306795
933.0	0.9991028815256072
934.0	0.999056942698042
935.0	0.9990578431710013
936.0	0.9991025529449764
937.0	0.9989673872069856
938.0	0.9989683177851426
939.0	0.9988345674435115
940.0	0.9989681434463485
941.0	0.9989219257847727
942.0	0.9988735651816767
943.0	0.9989175369860137
944.0	0.9988266458320808
945.0	0.9985995666503906
946.0	0.9987350350124238
947.0	0.9987785212870445
948.0	0.998686399028802
949.0	0.9985474039464911
950.0	0.9985926363099832
951.0	0.9985444294720949
952.0	0.9985426392111008
953.0	0.9985415364740359
954.0	0.9983559027980972
955.0	0.9984917187749273
956.0	0.9983521844912024
957.0	0.9983051014293286
958.0	0.9982105345411741
959.0	0.9982078393661595
960.0	0.9981149521873273
961.0	0.9982047225376652
962.0	0.9980175195942831
963.0	0.9980612791261884
964.0	0.9980132037124078
965.0	0.9978717264854898
966.0	0.9979618911758297
967.0	0.9976816172644792
968.0	0.9976323119777158
969.0	0.9977223335967218
970.0	0.9974877296214996
971.0	0.9975308497213881
972.0	0.9975282577005531
973.0	0.9974317805351972
974.0	0.9971946886104358
975.0	0.9972380694260211
976.0	0.9972360774817272
977.0	0.9970438170719975
978.0	0.9969930653433561
979.0	0.9970368092043836
980.0	0.9968909585696359
981.0	0.9967922600312057
982.0	0.9967862165330469
983.0	0.9965926164917973
984.0	0.9966322458196569
985.0	0.9965289586283981
986.0	0.9964720869572594
987.0	0.9963655988142147
988.0	0.9963031789077129
989.0	0.996284727787491
990.0	0.9960956135624485
991.0	0.9959109131916563
992.0	0.9958489600946188
993.0	0.995785256817087
994.0	0.9956825310884488
995.0	0.9955396636282489
996.0	0.9954778158979685
997.0	0.9954155444846411
998.0	0.9953530528443953
999.0	0.9952080607700056
1000.0	0.9950273866200625
1001.0	0.9950430213182037
1002.0	0.9949399003847059
1003.0	0.9947977387375151
1004.0	0.9946543727994829
1005.0	0.994627498325807
1006.0	0.9945246213558446
1007.0	0.9944199767317992
1008.0	0.9942787949550193
1009.0	0.9941740693162132
1010.0	0.9940673890432468
1011.0	0.9939228184029872
1012.0	0.9938186162039153
1013.0	0.9937519043346359
1014.0	0.9936086464267354
1015.0	0.993542260559103
1016.0	0.9933605894461929
1017.0	0.9932186297270641
1018.0	0.9931499766457861
1019.0	0.993043977665775
1020.0	0.9929002619689434
1021.0	0.9927954134653743
1022.0	0.9927264340466885
1023.0	0.9926209157496803
1024.0	0.9924406004531791
1025.0	0.9923355977826555
1026.0	0.9921919325054689
1027.0	0.9920515820304903
1028.0	0.9919467006455434
1029.0	0.9918408661681101
1030.0	0.9917004535264483
1031.0	0.9915215964010423
1032.0	0.9913818699447364
1033.0	0.9912790345274283
1034.0	0.9911385673381271
1035.0	0.9910374920133749
1036.0	0.9908979857207469
1037.0	0.9907203939120215
1038.0	0.9906577330281358
1039.0	0.9904450679857584
1040.0	0.9903464397352937
1041.0	0.9901731622854961
1042.0	0.9900392874611822
1043.0	0.9898646025669037
1044.0	0.9897676357246047
1045.0	0.9896363872045056
1046.0	0.989463977306255
1047.0	0.9893319845745145
1048.0	0.9891652533431745
1049.0	0.9890344380555098
1050.0	0.9889014930888431
1051.0	0.9887377133464997
1052.0	0.9886094095333685
1053.0	0.9884471131450039
1054.0	0.9883205265023259
1055.0	0.9881929689529868
1056.0	0.9880675682679331
1057.0	0.9879073256782279
1058.0	0.9877114600398708
1059.0	0.9875527898163802
1060.0	0.9873572255109755
1061.0	0.9872725483168269
1062.0	0.9870814340896831
1063.0	0.9869584989477329
1064.0	0.9867705830188047
1065.0	0.9866176338022064
1066.0	0.9863945459593418
1067.0	0.9863154783973909
1068.0	0.9861593919522215
1069.0	0.9859793810591655
1070.0	0.9858298765070994
1071.0	0.985682099326132
1072.0	0.9854665025302416
1073.0	0.9853514263502805
1074.0	0.9851682808616302
1075.0	0.9849868222244526
1076.0	0.9848082158263591
1077.0	0.9846636246265388
1078.0	0.9845189943686122
1079.0	0.9843071902232406
1080.0	0.9841632471861435
1081.0	0.9840478111460346
1082.0	0.9838023927552129
1083.0	0.9836246132301545
1084.0	0.9834795791723221
1085.0	0.983298348945363
1086.0	0.9831223447151338
1087.0	0.9829464001547739
1088.0	0.9828311673750901
1089.0	0.9826508824954572
1090.0	0.9824375937798391
1091.0	0.9823240923642804
1092.0	0.9821069872025061
1093.0	0.9818614205424145
1094.0	0.9817743544083205
1095.0	0.9815913413201165
1096.0	0.9814432291490298
1097.0	0.9811602068066838
1098.0	0.9810038991544622
1099.0	0.9808160013949384
1100.0	0.9806264289569303
1101.0	0.9804688560143713
1102.0	0.9802494052970859
1103.0	0.9801252934326666
1104.0	0.9798976153388665
1105.0	0.9797717900758719
1106.0	0.9795389325739638
1107.0	0.9793096425118557
1108.0	0.9791414234400317
1109.0	0.9790089866443842
1110.0	0.9788000075390104
1111.0	0.9786317579497789
1112.0	0.9783852877851383
1113.0	0.97823742911635
1114.0	0.9779771303841603
1115.0	0.977920323904016
1116.0	0.9775975667220314
1117.0	0.9774809781658441
1118.0	0.9772511822313716
1119.0	0.9771471317634768
1120.0	0.9769212787211419
1121.0	0.9766784746246191
1122.0	0.9765422694583695
1123.0	0.9763063652063612
1124.0	0.976143412173676
1125.0	0.975926624946589
1126.0	0.9757770120432602
1127.0	0.9754739485395999
1128.0	0.975389646777468
1129.0	0.9751247181029181
1130.0	0.9749880599440776
1131.0	0.9747491304308369
1132.0	0.9745437615621855
1133.0	0.9744
1134.0	0.974155490413995
1135.0	0.9739716012193957
1136.0	0.9738032522158309
1137.0	0.9736051909208008
1138.0	0.9734192386690547
1139.0	0.9731896602231332
1140.0	0.9730332162971136
1141.0	0.9727774265191699
1142.0	0.9726230517205633
1143.0	0.9724003680021935
1144.0	0.9721910376152105
1145.0	0.9719965094451262
1146.0	0.9717799043662794
1147.0	0.9715687203166767
1148.0	0.97141350244831
1149.0	0.9712091173869459
1150.0	0.9710341373803653
1151.0	0.970818620389762
1152.0	0.9705946598758145
1153.0	0.9704141275700247
1154.0	0.9701466564679055
1155.0	0.9699824660334747
1156.0	0.9697785249234551
1157.0	0.9695956428751328
1158.0	0.9693506320669006
1159.0	0.9691463438663785
1160.0	0.9690069240164442
1161.0	0.9687228487369959
1162.0	0.9685442896325646
1163.0	0.9683605152767077
1164.0	0.968207718598501
1165.0	0.9678844093725626
1166.0	0.967698379086038
1167.0	0.9674492636940117
1168.0	0.9672692981519091
1169.0	0.9671160800591009
1170.0	0.9669230117800303
1171.0	0.9666522261166401
1172.0	0.9664817964199567
1173.0	0.9662765219358538
1174.0	0.9660969164462463
1175.0	0.9658994140625
1176.0	0.9656174677442223
1177.0	0.9654185570276089
1178.0	0.9652583141429314
1179.0	0.9650647605534767
1180.0	0.964789855384662
1181.0	0.9646812843299664
1182.0	0.9644396571397275
1183.0	0.9641610479340484
1184.0	0.9639820295244327
1185.0	0.9637528007051693
1186.0	0.9636030861301993
1187.0	0.9634029676467545
1188.0	0.9631657735444054
1189.0	0.9630132130521855
1190.0	0.9627975388788234
1191.0	0.9625333522604759
1192.0	0.9623091256352765
1193.0	0.9621707398146914
1194.0	0.9620038828185
1195.0	0.9617385212611054
1196.0	0.9615888454870617
1197.0	0.9613367942950792
1198.0	0.9610950363005318
1199.0	0.9609837928153717
1200.0	0.9607666523653569
