300.0	0.9988559
301.0	0.99868525
302.0	0.99855173
303.0	0.99841224
304.0	0.99873386
305.0	0.99860027
306.0	0.99836929
307.0	0.99777651
308.0	0.99792716
309.0	0.99760201
310.0	0.99734451
311.0	0.99714833
312.0	0.99664622
313.0	0.99648402
314.0	0.99618759
315.0	0.995941
316.0	0.99573364
317.0	0.99555244
318.0	0.99528496
319.0	0.99489509
320.0	0.99453702
321.0	0.99510169
322.0	0.99475612
323.0	0.99404942
324.0	0.99412607
325.0	0.99387023
326.0	0.99391571
327.0	0.99368416
328.0	0.99341438
329.0	0.99348901
330.0	0.99376448
331.0	0.99395606
332.0	0.99388487
333.0	0.99418026
334.0	0.99414874
335.0	0.99395352
336.0	0.99365248
337.0	0.99338193
338.0	0.99364192
339.0	0.99355737
340.0	0.99364387
341.0	0.9939353
342.0	0.99402555
343.0	0.99436621
344.0	0.99432959
345.0	0.99444999
346.0	0.994224
347.0	0.99457503
348.0	0.99460099
349.0	0.99481833
350.0	0.99494446
351.0	0.99512457
352.0	0.99502806
353.0	0.99521099
354.0	0.99524807
355.0	0.99541394
356.0	0.99555627
357.0	0.9956639
358.0	0.99551119
359.0	0.99564256
360.0	0.99587427
361.0	0.99594419
362.0	0.99612673
363.0	0.99627863
364.0	0.99623605
365.0	0.99647482
366.0	0.99647639
367.0	0.99630057
368.0	0.99637564
369.0	0.99671452
370.0	0.99678483
371.0	0.99657793
372.0	0.99696322
373.0	0.9971652
374.0	0.9970502
375.0	0.99720764
376.0	0.99709731
377.0	0.99661158
378.0	0.99719198
379.0	0.99718101
380.0	0.99720508
381.0	0.99718189
382.0	0.99720036
383.0	0.99724821
384.0	0.99727469
385.0	0.99725913
386.0	0.99726364
387.0	0.99727476
388.0	0.99726448
389.0	0.99730888
390.0	0.99732802
391.0	0.99736489
392.0	0.99738105
393.0	0.99737862
394.0	0.99735324
395.0	0.99735395
396.0	0.99734783
397.0	0.99740458
398.0	0.99738429
399.0	0.99733726
400.0	0.99737108
401.0	0.99738823
402.0	0.99736912
403.0	0.99736643
404.0	0.99739401
405.0	0.99740457
406.0	0.99739112
407.0	0.99740134
408.0	0.99740658
409.0	0.99740279
410.0	0.99740049
411.0	0.99737782
412.0	0.99739683
413.0	0.99739709
414.0	0.99737972
415.0	0.99739123
416.0	0.99741039
417.0	0.99741809
418.0	0.99741579
419.0	0.99740792
420.0	0.99741229
421.0	0.99741975
422.0	0.99743142
423.0	0.99744266
424.0	0.99745257
425.0	0.9974577
426.0	0.99747365
427.0	0.99749755
428.0	0.99750102
429.0	0.99749311
430.0	0.99750014
431.0	0.99752745
432.0	0.99754685
433.0	0.99755101
434.0	0.99753754
435.0	0.99753095
436.0	0.99754562
437.0	0.99755251
438.0	0.99756777
439.0	0.99759091
440.0	0.9975829
441.0	0.99757371
442.0	0.99757787
443.0	0.9975989
444.0	0.99763122
445.0	0.99761782
446.0	0.99762433
447.0	0.99763344
448.0	0.99763056
449.0	0.99763432
450.0	0.99762661
451.0	0.99762943
452.0	0.99761124
453.0	0.99760347
454.0	0.9976193
455.0	0.99762067
456.0	0.99760631
457.0	0.99758671
458.0	0.9975659100000001
459.0	0.99756081
460.0	0.99754721
461.0	0.99752534
462.0	0.99750432
463.0	0.99748691
464.0	0.99746125
465.0	0.99743293
466.0	0.99741386
467.0	0.99738676
468.0	0.99735114
469.0	0.99730535
470.0	0.99726578
471.0	0.99724016
472.0	0.99719222
473.0	0.99714972
474.0	0.9970958
475.0	0.99704873
476.0	0.99698885
477.0	0.99693901
478.0	0.99688654
479.0	0.99681893
480.0	0.99675601
481.0	0.99669196
482.0	0.99663692
483.0	0.99657599
484.0	0.99648526
485.0	0.99640805
486.0	0.99632224
487.0	0.99622816
488.0	0.99615498
489.0	0.99604418
490.0	0.99592197
491.0	0.99582523
492.0	0.99571612
493.0	0.99560006
494.0	0.99547474
495.0	0.99535181
496.0	0.99523302
497.0	0.99510887
498.0	0.99498323
499.0	0.99486231
500.0	0.99472056
501.0	0.99457656
502.0	0.99443877
503.0	0.99429172
504.0	0.99413735
505.0	0.99398028
506.0	0.99382169
507.0	0.99365852
508.0	0.99349463
509.0	0.99332327
510.0	0.99314287
511.0	0.99297066
512.0	0.99279462
513.0	0.99261065
514.0	0.99241999
515.0	0.99223704
516.0	0.99203847
517.0	0.99184426
518.0	0.99164633
519.0	0.99144306
520.0	0.99122961
521.0	0.99102916
522.0	0.9908137
523.0	0.99059617
524.0	0.99036334
525.0	0.99014181
526.0	0.98991074
527.0	0.98967738
528.0	0.98943838
529.0	0.98919841
530.0	0.98895795
531.0	0.98871479
532.0	0.98845504
533.0	0.98819967
534.0	0.98794024
535.0	0.98768214
536.0	0.98741678
537.0	0.98715207
538.0	0.98687812
539.0	0.98660741
540.0	0.98632751
541.0	0.98604714
542.0	0.98576947
543.0	0.98547937
544.0	0.98519319
545.0	0.98490029
546.0	0.98460368
547.0	0.98430004
548.0	0.98399943
549.0	0.98369247
550.0	0.98339164
551.0	0.98308674
552.0	0.98276894
553.0	0.98245142
554.0	0.98213832
555.0	0.98181187
556.0	0.9814909
557.0	0.98116144
558.0	0.98083516
559.0	0.98049955
560.0	0.98017398
561.0	0.97984374
562.0	0.97948017
563.0	0.97914119
564.0	0.97879584
565.0	0.9784495
566.0	0.97810953
567.0	0.97775736
568.0	0.97740049
569.0	0.97705819
570.0	0.97670214
571.0	0.97634751
572.0	0.97599834
573.0	0.97563508
574.0	0.97527917
575.0	0.97491164
576.0	0.9745502
577.0	0.97419189
578.0	0.97382482
579.0	0.97345122
580.0	0.97308115
581.0	0.97271398
582.0	0.97233439
583.0	0.97196518
584.0	0.97157838
585.0	0.97120024
586.0	0.97082788
587.0	0.97043929
588.0	0.97005918
589.0	0.96967548
590.0	0.96929907
591.0	0.96892648
592.0	0.96852257
593.0	0.96814647
594.0	0.9677561100000001
595.0	0.96735479
596.0	0.96698422
597.0	0.96658806
598.0	0.96619708
599.0	0.96580123
600.0	0.96542303
