320.0	0.99761417
321.0	0.99704864
322.0	0.99731361
323.0	0.99802416
324.0	0.99698494
325.0	0.99636676
326.0	0.99577159
327.0	0.99456127
328.0	0.997598
329.0	0.99554134
330.0	0.99450403
331.0	0.99420463
332.0	0.99446406
333.0	0.99506365
334.0	0.99422119
335.0	0.99376371
336.0	0.99381698
337.0	0.9941946
338.0	0.99364705
339.0	0.99365364
340.0	0.99433341
341.0	0.99341905
342.0	0.99367816
343.0	0.99427625
344.0	0.99319909
345.0	0.99335316
346.0	0.99447236
347.0	0.99380582
348.0	0.99390598
349.0	0.99356585
350.0	0.99335201
351.0	0.99383295
352.0	0.99386492
353.0	0.99374662
354.0	0.99398312
355.0	0.99434063
356.0	0.99351353
357.0	0.99434491
358.0	0.9945638
359.0	0.99382993
360.0	0.99428868
361.0	0.99468093
362.0	0.99537084
363.0	0.9949059
364.0	0.99532023
365.0	0.99549437
366.0	0.99521014
367.0	0.99555731
368.0	0.99572634
369.0	0.99582987
370.0	0.99580191
371.0	0.99624427
372.0	0.99690234
373.0	0.99641663
374.0	0.99510144
375.0	0.99575535
376.0	0.99540949
377.0	0.99620584
378.0	0.99650668
379.0	0.99712819
380.0	0.99736179
381.0	0.9971991
382.0	0.99696725
383.0	0.99718929
384.0	0.99737877
385.0	0.9973578
386.0	0.99740784
387.0	0.99750611
388.0	0.99758398
389.0	0.997599
390.0	0.99761681
391.0	0.99764271
392.0	0.99781134
393.0	0.99791447
394.0	0.99793226
395.0	0.99781461
396.0	0.99785217
397.0	0.99803342
398.0	0.99803578
399.0	0.99815023
400.0	0.99806472
401.0	0.99802191
402.0	0.99793245
403.0	0.99803412
404.0	0.99817634
405.0	0.99813793
406.0	0.99821147
407.0	0.99822896
408.0	0.99809283
409.0	0.99816656
410.0	0.99829628
411.0	0.99825746
412.0	0.99822922
413.0	0.99826126
414.0	0.99834202
415.0	0.99825396
416.0	0.99821942
417.0	0.99825487
418.0	0.99827063
419.0	0.99822008
420.0	0.99813729
421.0	0.9981534
422.0	0.99826154
423.0	0.99825799
424.0	0.99824118
425.0	0.99823137
426.0	0.99814953
427.0	0.99823386
428.0	0.99832264
429.0	0.99834525
430.0	0.99831218
431.0	0.99828508
432.0	0.99831213
433.0	0.99820994
434.0	0.99819279
435.0	0.99828309
436.0	0.99829564
437.0	0.99817313
438.0	0.99817054
439.0	0.9982096
440.0	0.99827516
441.0	0.99826202
442.0	0.99827851
443.0	0.9981905
444.0	0.99818722
445.0	0.9981821
446.0	0.99827573
447.0	0.99835272
448.0	0.99835179
449.0	0.99826222
450.0	0.99835627
451.0	0.99829968
452.0	0.9983131
453.0	0.99843574
454.0	0.99848418
455.0	0.99844637
456.0	0.99841642
457.0	0.99839087
458.0	0.99850077
459.0	0.99843171
460.0	0.99843938
461.0	0.99848798
462.0	0.99842862
463.0	0.99845352
464.0	0.99851819
465.0	0.99853364
466.0	0.99851687
467.0	0.99850125
468.0	0.99853056
469.0	0.99850969
470.0	0.99854506
471.0	0.9985682
472.0	0.99855487
473.0	0.99851006
474.0	0.99853877
475.0	0.99853623
476.0	0.99851548
477.0	0.99854164
478.0	0.99854726
479.0	0.99850006
480.0	0.99855617
481.0	0.99857755
482.0	0.99850666
483.0	0.99860152
484.0	0.99863367
485.0	0.99854573
486.0	0.99851724
487.0	0.99863787
488.0	0.99853878
489.0	0.99849965
490.0	0.99839722
491.0	0.99841467
492.0	0.99829785
493.0	0.99839974
494.0	0.99845653
495.0	0.99832708
496.0	0.99825522
497.0	0.99831568
498.0	0.99824307
499.0	0.99818649
500.0	0.99815882
501.0	0.99805702
502.0	0.99808239
503.0	0.99802441
504.0	0.99797372
505.0	0.99789654
506.0	0.99784823
507.0	0.99780341
508.0	0.99771139
509.0	0.99763931
510.0	0.99756414
511.0	0.99746814
512.0	0.99736737
513.0	0.99728263
514.0	0.99720639
515.0	0.99714787
516.0	0.9970558
517.0	0.9969761
518.0	0.99685344
519.0	0.99676557
520.0	0.99665706
521.0	0.99656566
522.0	0.99642957
523.0	0.99635129
524.0	0.99622755
525.0	0.99611608
526.0	0.99598032
527.0	0.99588499
528.0	0.99571653
529.0	0.99563581
530.0	0.99549722
531.0	0.99538351
532.0	0.99522043
533.0	0.99507349
534.0	0.99493827
535.0	0.99478712
536.0	0.99463809
537.0	0.99451669
538.0	0.99431734
539.0	0.9941876
540.0	0.99400951
541.0	0.99376448
542.0	0.99366871
543.0	0.99347168
544.0	0.99331333
545.0	0.99308485
546.0	0.99294739
547.0	0.99270391
548.0	0.9925693
549.0	0.99236203
550.0	0.99214954
551.0	0.9919374
552.0	0.9917400199999999
553.0	0.9915713
554.0	0.99135646
555.0	0.99108035
556.0	0.99093891
557.0	0.99063651
558.0	0.99045297
559.0	0.99021038
560.0	0.98998993
561.0	0.98978116
562.0	0.98947439
563.0	0.98920722
564.0	0.98899219
565.0	0.9886436
566.0	0.9885033
567.0	0.98821713
568.0	0.98789924
569.0	0.98769041
570.0	0.98744947
571.0	0.98715217
572.0	0.98695289
573.0	0.98666275
574.0	0.98632098
575.0	0.98598043
576.0	0.98583801
577.0	0.98558733
578.0	0.98531399
579.0	0.98500026
580.0	0.98474672
581.0	0.98444602
582.0	0.98410805
583.0	0.98374413
584.0	0.98350234
585.0	0.98316299
586.0	0.98292663
587.0	0.98270909
588.0	0.98227266
589.0	0.98200126
590.0	0.98172413
591.0	0.98130987
592.0	0.98112411
593.0	0.98075684
594.0	0.98037206
595.0	0.9801274
596.0	0.97971868
597.0	0.97948923
598.0	0.97913062
599.0	0.9787126
600.0	0.97846791
601.0	0.97814745
602.0	0.97783918
603.0	0.97751433
604.0	0.97709603
605.0	0.97674101
606.0	0.97641511
607.0	0.97608172
608.0	0.97573355
609.0	0.97540532
610.0	0.97510311
611.0	0.97476333
612.0	0.97446106
613.0	0.97408093
614.0	0.97369925
615.0	0.97336221
616.0	0.97298727
617.0	0.97265356
618.0	0.97240725
619.0	0.97201945
620.0	0.9715727
621.0	0.97122652
622.0	0.9708769
623.0	0.97048938
624.0	0.97005586
625.0	0.96967525
626.0	0.96941884
627.0	0.96912827
628.0	0.96869357
629.0	0.96825855
630.0	0.96786341
631.0	0.96757234
632.0	0.96721736
633.0	0.96686867
634.0	0.96648431
635.0	0.96607857
636.0	0.96567221
637.0	0.96536995
638.0	0.96505979
639.0	0.96467266
640.0	0.96429838
641.0	0.96392699
642.0	0.9634615
643.0	0.96307876
644.0	0.96280023
645.0	0.96241903
646.0	0.96201867
647.0	0.96166649
648.0	0.96125748
649.0	0.96085647
650.0	0.96056447
651.0	0.9601993600000001
652.0	0.95987206
653.0	0.9594752
654.0	0.9590098
655.0	0.95869087
656.0	0.95834666
657.0	0.95795738
658.0	0.9576087
659.0	0.95727919
660.0	0.95691405
661.0	0.956421
662.0	0.95610356
663.0	0.95582917
664.0	0.95536648
665.0	0.95494052
666.0	0.95461033
667.0	0.95429457
668.0	0.9538646
669.0	0.95350253
670.0	0.95320917
671.0	0.95287435
672.0	0.95239714
673.0	0.95202867
674.0	0.95174116
675.0	0.9513498
676.0	0.95097515
677.0	0.95063919
678.0	0.95030354
679.0	0.94997055
680.0	0.94963187
681.0	0.94926388
682.0	0.94890686
683.0	0.94854846
684.0	0.94821174
685.0	0.94784713
686.0	0.94745601
687.0	0.94709129
688.0	0.94664412
689.0	0.94624055
690.0	0.94593708
691.0	0.94564227
692.0	0.94527451
693.0	0.94506225
694.0	0.94471947
695.0	0.94437232
696.0	0.94403549
697.0	0.94366223
698.0	0.94333166
699.0	0.94292499
700.0	0.94252924
701.0	0.94218684
702.0	0.94181809
703.0	0.94144897
704.0	0.94108489
705.0	0.94076467
706.0	0.94050724
707.0	0.94011626
708.0	0.93985984
709.0	0.9394515999999999
710.0	0.9391581
711.0	0.93890595
712.0	0.93845464
713.0	0.9381227599999999
714.0	0.93780718
715.0	0.93753183
716.0	0.93719971
717.0	0.93684899
718.0	0.93644806
719.0	0.93608096
720.0	0.93574047
721.0	0.9353239
722.0	0.93514098
723.0	0.93491093
724.0	0.93454279
725.0	0.93422511
726.0	0.93411703
727.0	0.93369654
728.0	0.93327241
729.0	0.93299461
730.0	0.93285295
731.0	0.93252511
732.0	0.93217553
733.0	0.93173716
734.0	0.93127854
735.0	0.93108269
736.0	0.93074415
737.0	0.93065622
738.0	0.93024713
739.0	0.92992491
740.0	0.92978112
741.0	0.9294969200000001
742.0	0.92909878
743.0	0.92848984
744.0	0.92848511
745.0	0.9281679899999999
746.0	0.9277421100000001
747.0	0.92760298
748.0	0.92739365
749.0	0.9272068
750.0	0.92694965
751.0	0.9263537900000001
752.0	0.92615509
753.0	0.92579431
754.0	0.92550146
755.0	0.92543194
756.0	0.92502189
757.0	0.92487019
758.0	0.92459242
759.0	0.9241886
760.0	0.92382535
761.0	0.92379742
762.0	0.9234162
763.0	0.92313385
764.0	0.92273386
765.0	0.92268833
766.0	0.92228174
767.0	0.92221265
768.0	0.92180561
769.0	0.921501
770.0	0.9212704899999999
771.0	0.92111332
772.0	0.92085374
773.0	0.92078913
774.0	0.92017059
775.0	0.91972566
776.0	0.91990699
777.0	0.91947511
778.0	0.91917037
779.0	0.91892894
780.0	0.9187583
781.0	0.91844656
782.0	0.9184089799999999
783.0	0.9181173499999999
784.0	0.9178310199999999
785.0	0.91771298
786.0	0.91705286
787.0	0.91669814
788.0	0.91671602
789.0	0.91670273
790.0	0.91640943
791.0	0.91604792
792.0	0.91606836
793.0	0.91542709
794.0	0.91499552
795.0	0.91506792
796.0	0.91499185
797.0	0.91439921
798.0	0.91441205
799.0	0.91430218
800.0	0.91386176
