300.0	0.9069973999999981
301.0	0.9123612400000036
302.0	0.9172524899999979
303.0	0.9219549199999899
304.0	0.9266658599999977
305.0	0.9309273199999968
306.0	0.9349818200000026
307.0	0.9387259100000045
308.0	0.9428073800000103
309.0	0.9462454500000161
310.0	0.9497625299999979
311.0	0.9530899399999848
312.0	0.956217809999993
313.0	0.9590968899999885
314.0	0.9615499100000036
315.0	0.9641222499999991
316.0	0.966783300000007
317.0	0.9690862000000022
318.0	0.9712498399999991
319.0	0.9737317699999859
320.0	0.9747908100000036
321.0	0.9768812599999843
322.0	0.9784371699999905
323.0	0.9803524600000113
324.0	0.9819402100000096
325.0	0.9828922399999995
326.0	0.9842013400000016
327.0	0.9857087799999942
328.0	0.9863682499999915
329.0	0.987718950000005
330.0	0.9887815999999883
331.0	0.9894934500000008
332.0	0.9901538999999793
333.0	0.9910356300000034
334.0	0.9919072300000109
335.0	0.992480090000003
336.0	0.9929683099999975
337.0	0.9937578299999972
338.0	0.9943107200000023
339.0	0.9948126000000057
340.0	0.9952257799999975
341.0	0.9956499900000026
342.0	0.9958855600000094
343.0	0.996140769999998
344.0	0.9963679900000022
345.0	0.9965175699999995
346.0	0.9966497099999971
347.0	0.997020159999995
348.0	0.9974398200000012
349.0	0.997578939999999
350.0	0.9974513199999979
351.0	0.997785750000002
352.0	0.9980065200000166
353.0	0.9979456700000111
354.0	0.997846790000001
355.0	0.9981246899999907
356.0	0.9983875199999992
357.0	0.9981940099999753
358.0	0.9982103199999925
359.0	0.99830486000001
360.0	0.9985331799999941
361.0	0.9984320499999866
362.0	0.9985826999999947
363.0	0.9984936499999986
364.0	0.9982006999999959
365.0	0.9985351199999992
366.0	0.9985202700000029
367.0	0.9982935000000026
368.0	0.9982901200000116
369.0	0.9982292099999901
370.0	0.9983805199999973
371.0	0.9984765700000064
372.0	0.9984189600000137
373.0	0.9984339200000081
374.0	0.998405180000006
375.0	0.9988433700000021
376.0	0.9986990000000029
377.0	0.9982239500000101
378.0	0.9984390700000012
379.0	0.9983916200000054
380.0	0.9984181199999997
381.0	0.9983622299999939
382.0	0.9983541800000051
383.0	0.998323280000013
384.0	0.9983043600000019
385.0	0.9983116500000166
386.0	0.9982502900000023
387.0	0.9982169900000004
388.0	0.9982630300000017
389.0	0.9982589900000005
390.0	0.9982237500000046
391.0	0.998225510000017
392.0	0.9982071799999992
393.0	0.9982239000000059
394.0	0.9982150899999986
395.0	0.9982301700000029
396.0	0.9982364600000015
397.0	0.9982406500000041
398.0	0.9982375400000021
399.0	0.9982456400000062
400.0	0.998249200000001
401.0	0.998242930000004
402.0	0.9982538599999868
403.0	0.9982856699999987
404.0	0.9982909399999906
405.0	0.9983102399999999
406.0	0.9983111000000044
407.0	0.9983209800000004
408.0	0.9983343499999964
409.0	0.9983483399999882
410.0	0.9983603400000152
411.0	0.9983749800000052
412.0	0.9983970799999908
413.0	0.9984152799999979
414.0	0.9984379499999974
415.0	0.9984506300000029
416.0	0.9984616999999862
417.0	0.9984998700000025
418.0	0.9985359299999996
419.0	0.9985403000000059
420.0	0.9985530399999942
421.0	0.9985954599999958
422.0	0.9986144700000033
423.0	0.9986325900000037
424.0	0.9986461000000002
425.0	0.9986643799999917
426.0	0.9986870400000125
427.0	0.9987060200000064
428.0	0.9987214900000096
429.0	0.9987369699999915
430.0	0.9987627600000049
431.0	0.998787439999993
432.0	0.9988110899999736
433.0	0.998824460000014
434.0	0.9988274100000027
435.0	0.9988519499999904
436.0	0.9988916200000086
437.0	0.9988967099999857
438.0	0.9989071300000041
439.0	0.9989212600000075
440.0	0.9989354399999928
441.0	0.9989617600000167
442.0	0.998976780000016
443.0	0.9989920300000121
444.0	0.9989996199999851
445.0	0.9989951999999969
446.0	0.9990067399999969
447.0	0.999022159999996
448.0	0.999030990000005
449.0	0.9990441199999922
450.0	0.9990481899999959
451.0	0.999045750000005
452.0	0.9990525500000125
453.0	0.9990537699999913
454.0	0.9990261300000025
455.0	0.9990263700000002
456.0	0.9990284699999963
457.0	0.9990136900000168
458.0	0.9990055800000008
459.0	0.9989994000000002
460.0	0.9989762899999977
461.0	0.9989678999999918
462.0	0.9989550899999866
463.0	0.9989525599999993
464.0	0.998935039999993
465.0	0.9988981200000024
466.0	0.9988731600000023
467.0	0.9988565400000038
468.0	0.9988242000000036
469.0	0.9988023699999959
470.0	0.9987783800000094
471.0	0.9987477599999961
472.0	0.9987078999999954
473.0	0.9986674999999945
474.0	0.9986231599999895
475.0	0.9985806700000044
476.0	0.9985365200000151
477.0	0.9984965400000045
478.0	0.9984488900000033
479.0	0.9984002399999969
480.0	0.9983460599999994
481.0	0.9982907199999835
482.0	0.998231549999995
483.0	0.9981781999999995
484.0	0.9981133799999986
485.0	0.9980482100000021
486.0	0.9979878500000039
487.0	0.9979081000000001
488.0	0.9978392499999877
489.0	0.9977753499999964
490.0	0.9976925999999775
491.0	0.9976190900000015
492.0	0.9975308899999868
493.0	0.9974419499999887
494.0	0.9973464100000218
495.0	0.9972528800000102
496.0	0.9971666699999937
497.0	0.9970739200000134
498.0	0.9969515599999923
499.0	0.996853040000012
500.0	0.9967649899999875
501.0	0.9966593700000081
502.0	0.9965480300000107
503.0	0.99643546999999
504.0	0.9963229599999956
505.0	0.9962117900000012
506.0	0.9960935100000068
507.0	0.9959723399999953
508.0	0.9958586200000119
509.0	0.9957287200000109
510.0	0.9955997599999988
511.0	0.9954683300000156
512.0	0.9953450200000047
513.0	0.9952052900000008
514.0	0.9950604199999935
515.0	0.9949201000000074
516.0	0.994772530000021
517.0	0.9946310300000039
518.0	0.994480650000007
519.0	0.9943313399999987
520.0	0.9941780799999966
521.0	0.994022849999987
522.0	0.9938628000000005
523.0	0.9937012099999976
524.0	0.9935352299999867
525.0	0.9933780000000114
526.0	0.993207109999994
527.0	0.9930385100000105
528.0	0.9928635900000038
529.0	0.9926863400000152
530.0	0.9925149800000144
531.0	0.9923396300000165
532.0	0.992157749999989
533.0	0.9919804399999954
534.0	0.9917918500000122
535.0	0.9916020200000042
536.0	0.9914079199999981
537.0	0.991218160000007
538.0	0.9910240399999992
539.0	0.990826460000005
540.0	0.9906245499999966
541.0	0.9904229300000011
542.0	0.9902208100000087
543.0	0.990013759999997
544.0	0.9898048100000056
545.0	0.9895882400000167
546.0	0.9893760399999896
547.0	0.9891595799999875
548.0	0.9889519799999968
549.0	0.9887326799999929
550.0	0.9885130800000086
551.0	0.9882928899999865
552.0	0.9880671999999979
553.0	0.9878446999999957
554.0	0.9876136700000093
555.0	0.9873844300000045
556.0	0.9871615700000169
557.0	0.9869218699999904
558.0	0.9866891000000044
559.0	0.9864526500000026
560.0	0.9862150899999977
561.0	0.9859740899999969
562.0	0.9857149500000162
563.0	0.9854792200000184
564.0	0.9852278800000058
565.0	0.9849809999999959
566.0	0.9847408599999996
567.0	0.9844973900000054
568.0	0.9842316199999979
569.0	0.9839899299999955
570.0	0.9837350700000136
571.0	0.9834763800000035
572.0	0.9832213599999862
573.0	0.9829668600000119
574.0	0.9827020399999942
575.0	0.9824467800000014
576.0	0.9821836099999981
577.0	0.9819234999999926
578.0	0.981656750000004
579.0	0.9813986699999999
580.0	0.9811288999999945
581.0	0.9808569699999992
582.0	0.9805886000000097
583.0	0.9803276500000013
584.0	0.9800501999999933
585.0	0.9797860799999891
586.0	0.9795081799999994
587.0	0.9792326299999932
588.0	0.9789640900000007
589.0	0.9786972200000021
590.0	0.9784243200000042
591.0	0.9781451099999838
592.0	0.9778640800000016
593.0	0.9775875300000014
594.0	0.9773036400000046
595.0	0.9770249800000075
596.0	0.9767324499999841
597.0	0.976455129999998
598.0	0.9761915200000137
599.0	0.9759008199999974
600.0	0.975619750000023
