320.777	0.9900278213
321.088	0.990028605
321.398	0.990028605
321.709	0.990028605
322.02	0.9900278213
322.331	0.9900262539
322.642	0.9900246865
322.952	0.9900239028
323.263	0.9900231191
323.574	0.9900262539
323.885	0.990028605
324.195	0.9900309561
324.506	0.9900333072
324.817	0.9900348746
325.128	0.9900372257
325.438	0.9900387931
325.749	0.9900411442
326.06	0.9900434953
326.371	0.9900466301
326.681	0.9900481975
326.992	0.9900513323
327.303	0.9900458464
327.614	0.9900387931
327.925	0.9900340909
328.235	0.9900301724
328.546	0.990036442
328.857	0.9900419279
329.168	0.9900458464
329.478	0.9900497649
329.789	0.990052116
330.1	0.9900552508
330.411	0.9900568182
330.721	0.9900576019
331.032	0.9900576019
331.343	0.9900576019
331.654	0.9900576019
331.964	0.9900568182
332.275	0.9900552508
332.586	0.9900536834
332.897	0.990052116
333.208	0.990052116
333.518	0.9900536834
333.829	0.9900568182
334.14	0.9900583856
334.451	0.990059953
334.761	0.9900615204
335.072	0.9900623041
335.383	0.9900630878
335.694	0.9900630878
336.004	0.9900630878
336.315	0.9900623041
336.626	0.9900607367
336.937	0.9900607367
337.248	0.9900607367
337.558	0.9900615204
337.869	0.9900630878
338.18	0.9900638715
338.491	0.9900646552
338.801	0.9900646552
339.112	0.9900638715
339.423	0.9900630878
339.734	0.9900623041
340.044	0.9900615204
340.355	0.9900623041
340.666	0.9900638715
340.977	0.9900646552
341.287	0.9900646552
341.598	0.9900646552
341.909	0.9900646552
342.22	0.9900630878
342.531	0.9900615204
342.841	0.9900607367
343.152	0.990059953
343.463	0.9900623041
343.774	0.9900654389
344.084	0.99006779
344.395	0.99006779
344.706	0.99006779
345.017	0.9900670063
345.327	0.9900646552
345.638	0.9900615204
345.949	0.9900591693
346.26	0.9900576019
346.57	0.990059953
346.881	0.9900607367
347.192	0.9900623041
347.503	0.9900623041
347.814	0.9900623041
348.124	0.9900623041
348.435	0.9900623041
348.746	0.9900638715
349.057	0.9900646552
349.367	0.9900654389
349.678	0.9900662226
349.989	0.9900662226
350.3	0.9900662226
350.61	0.9900654389
350.921	0.9900638715
351.232	0.9900630878
351.543	0.9900623041
351.853	0.9900623041
352.164	0.9900623041
352.475	0.9900630878
352.786	0.9900630878
353.097	0.9900630878
353.407	0.9900630878
353.718	0.9900623041
354.029	0.9900615204
354.34	0.9900607367
354.65	0.9900591693
354.961	0.9900591693
355.272	0.990059953
355.583	0.9900615204
355.893	0.9900623041
356.204	0.9900638715
356.515	0.9900623041
356.826	0.990059953
357.137	0.9900583856
357.447	0.9900568182
357.758	0.9900568182
358.069	0.9900560345
358.38	0.9900576019
358.69	0.9900591693
359.001	0.990059953
359.312	0.9900607367
359.623	0.990059953
359.933	0.9900591693
360.244	0.9900576019
360.555	0.9900560345
360.866	0.9900552508
361.176	0.9900528997
361.487	0.9900513323
361.798	0.9900505486
362.109	0.9900497649
362.42	0.9900505486
362.73	0.9900497649
363.041	0.9900505486
363.352	0.9900505486
363.663	0.9900505486
363.973	0.9900489812
364.284	0.9900474138
364.595	0.9900466301
364.906	0.9900466301
365.216	0.9900466301
365.527	0.9900466301
365.838	0.9900474138
366.149	0.9900474138
366.459	0.9900474138
366.77	0.9900466301
367.081	0.9900458464
367.392	0.9900450627
367.703	0.990044279
368.013	0.990044279
368.324	0.9900434953
368.635	0.9900434953
368.946	0.9900427116
369.256	0.9900427116
369.567	0.9900427116
369.878	0.9900427116
370.189	0.9900427116
370.499	0.9900411442
370.81	0.9900403605
371.121	0.9900387931
371.432	0.990036442
371.743	0.9900348746
372.053	0.9900333072
372.364	0.9900340909
372.675	0.9900340909
372.986	0.990036442
373.296	0.9900395768
373.607	0.9900434953
373.918	0.9900458464
374.229	0.9900481975
374.539	0.9900458464
374.85	0.9900458464
375.161	0.990044279
375.472	0.9900450627
375.782	0.9900450627
376.093	0.9900450627
376.404	0.990044279
376.715	0.9900419279
377.026	0.9900395768
377.336	0.9900387931
377.647	0.9900372257
377.958	0.990036442
378.269	0.9900348746
378.579	0.9900333072
378.89	0.9900309561
379.201	0.9900301724
379.512	0.990028605
379.822	0.990028605
380.133	0.9900278213
380.444	0.9900278213
380.755	0.990028605
381.065	0.990028605
381.376	0.9900293887
381.687	0.9900293887
381.998	0.9900301724
382.309	0.9900301724
382.619	0.9900301724
382.93	0.9900293887
383.241	0.990028605
383.552	0.990028605
383.862	0.9900278213
384.173	0.9900278213
384.484	0.9900270376
384.795	0.9900270376
385.105	0.9900270376
385.416	0.9900270376
385.727	0.9900270376
386.038	0.9900270376
386.349	0.9900270376
386.659	0.9900262539
386.97	0.9900262539
387.281	0.9900262539
387.592	0.9900254702
387.902	0.9900254702
388.213	0.9900254702
388.524	0.9900254702
388.835	0.9900254702
389.145	0.9900246865
389.456	0.9900246865
389.767	0.9900246865
390.078	0.9900246865
390.388	0.9900246865
390.699	0.9900246865
391.01	0.9900246865
391.321	0.9900239028
391.632	0.9900239028
391.942	0.9900231191
392.253	0.9900231191
392.564	0.9900223354
392.875	0.9900223354
393.185	0.9900223354
393.496	0.9900215517
393.807	0.9900215517
394.118	0.9900215517
394.428	0.9900215517
394.739	0.9900223354
395.05	0.9900223354
395.361	0.9900223354
395.671	0.9900223354
395.982	0.9900223354
396.293	0.9900223354
396.604	0.9900215517
396.915	0.9900215517
397.225	0.990020768
397.536	0.990020768
397.847	0.990020768
398.158	0.990020768
398.468	0.9900199843
398.779	0.9900199843
399.09	0.9900199843
399.401	0.9900199843
399.711	0.9900199843
400.022	0.9900199843
400.333	0.990020768
400.644	0.990020768
400.954	0.990020768
401.265	0.990020768
401.576	0.990020768
401.887	0.9900215517
402.198	0.9900215517
402.508	0.9900215517
402.819	0.990020768
403.13	0.990020768
403.441	0.9900199843
403.751	0.9900199843
404.062	0.9900192006
404.373	0.9900192006
404.684	0.9900192006
404.994	0.9900192006
405.305	0.9900192006
405.616	0.9900192006
405.927	0.9900192006
406.238	0.9900192006
406.548	0.9900192006
406.859	0.9900192006
407.17	0.9900192006
407.481	0.9900192006
407.791	0.9900192006
408.102	0.9900199843
408.413	0.9900199843
408.724	0.9900199843
409.034	0.9900192006
409.345	0.9900192006
409.656	0.9900184169
409.967	0.9900184169
410.277	0.9900184169
410.588	0.9900184169
410.899	0.9900184169
411.21	0.9900184169
411.521	0.9900184169
411.831	0.9900184169
412.142	0.9900184169
412.453	0.9900184169
412.764	0.9900184169
413.074	0.9900184169
413.385	0.9900184169
413.696	0.9900184169
414.007	0.9900176332
414.317	0.9900176332
414.628	0.9900184169
414.939	0.9900184169
415.25	0.9900184169
415.56	0.9900184169
415.871	0.9900184169
416.182	0.9900184169
416.493	0.9900184169
416.804	0.9900184169
417.114	0.9900184169
417.425	0.9900184169
417.736	0.9900184169
418.047	0.9900184169
418.357	0.9900184169
418.668	0.9900184169
418.979	0.9900184169
419.29	0.9900192006
419.6	0.9900192006
419.911	0.9900192006
420.222	0.9900192006
420.533	0.9900192006
420.844	0.9900192006
421.154	0.9900192006
421.465	0.9900192006
421.776	0.9900192006
422.087	0.9900184169
422.397	0.9900184169
422.708	0.9900184169
423.019	0.9900184169
423.33	0.9900184169
423.64	0.9900184169
423.951	0.9900184169
424.262	0.9900184169
424.573	0.9900184169
424.883	0.9900184169
425.194	0.9900184169
425.505	0.9900192006
425.816	0.9900192006
426.127	0.9900192006
426.437	0.9900192006
426.748	0.9900192006
427.059	0.9900192006
427.37	0.9900184169
427.68	0.9900184169
427.991	0.9900184169
428.302	0.9900176332
428.613	0.9900176332
428.923	0.9900176332
429.234	0.9900176332
429.545	0.9900176332
429.856	0.9900176332
430.166	0.9900176332
430.477	0.9900176332
430.788	0.9900184169
431.099	0.9900184169
431.41	0.9900184169
431.72	0.9900184169
432.031	0.9900176332
432.342	0.9900184169
432.653	0.9900184169
432.963	0.9900184169
433.274	0.9900192006
433.585	0.9900192006
433.896	0.9900192006
434.206	0.9900192006
434.517	0.9900184169
434.828	0.9900184169
435.139	0.9900184169
435.45	0.9900184169
435.76	0.9900184169
436.071	0.9900184169
436.382	0.9900184169
436.693	0.9900184169
437.003	0.9900184169
437.314	0.9900192006
437.625	0.9900192006
437.936	0.9900192006
438.246	0.9900192006
438.557	0.9900192006
438.868	0.9900192006
439.179	0.9900192006
439.489	0.9900184169
439.8	0.9900184169
440.111	0.9900184169
440.422	0.9900184169
440.733	0.9900184169
441.043	0.9900184169
441.354	0.9900184169
441.665	0.9900184169
441.976	0.9900184169
442.286	0.9900184169
442.597	0.9900184169
442.908	0.9900192006
443.219	0.9900192006
443.529	0.9900192006
443.84	0.9900192006
444.151	0.9900192006
444.462	0.9900192006
444.772	0.9900192006
445.083	0.9900192006
445.394	0.9900192006
445.705	0.9900184169
446.016	0.9900184169
446.326	0.9900184169
446.637	0.9900184169
446.948	0.9900176332
447.259	0.9900176332
447.569	0.9900176332
447.88	0.9900176332
448.191	0.9900176332
448.502	0.9900176332
448.812	0.9900176332
449.123	0.9900184169
449.434	0.9900184169
449.745	0.9900176332
450.055	0.9900176332
450.366	0.9900176332
450.677	0.9900176332
450.988	0.9900176332
451.299	0.9900176332
451.609	0.9900176332
451.92	0.9900176332
452.231	0.9900176332
452.542	0.9900176332
452.852	0.9900168495
453.163	0.9900168495
453.474	0.9900168495
453.785	0.9900168495
454.095	0.9900160658
454.406	0.9900160658
454.717	0.9900160658
455.028	0.9900168495
455.339	0.9900168495
455.649	0.9900168495
455.96	0.9900168495
456.271	0.9900168495
456.582	0.9900168495
456.892	0.9900168495
457.203	0.9900168495
457.514	0.9900168495
457.825	0.9900168495
458.135	0.9900160658
458.446	0.9900160658
458.757	0.9900160658
459.068	0.9900168495
459.378	0.9900168495
459.689	0.9900168495
460.0	0.9900168495
460.311	0.9900168495
460.622	0.9900160658
460.932	0.9900160658
461.243	0.9900160658
461.554	0.9900160658
461.865	0.9900168495
462.175	0.9900168495
462.486	0.9900168495
462.797	0.9900168495
463.108	0.9900168495
463.418	0.9900168495
463.729	0.9900160658
464.04	0.9900160658
464.351	0.9900160658
464.661	0.9900160658
464.972	0.9900160658
465.283	0.9900160658
465.594	0.9900160658
465.905	0.9900160658
466.215	0.9900160658
466.526	0.9900160658
466.837	0.9900160658
467.148	0.9900160658
467.458	0.9900160658
467.769	0.9900160658
468.08	0.9900160658
468.391	0.9900160658
468.701	0.9900160658
469.012	0.9900160658
469.323	0.9900160658
469.634	0.9900160658
469.945	0.9900160658
470.255	0.9900152821
470.566	0.9900152821
470.877	0.9900152821
471.188	0.9900152821
471.498	0.9900152821
471.809	0.9900152821
472.12	0.9900152821
472.431	0.9900152821
472.741	0.9900160658
473.052	0.9900160658
473.363	0.9900160658
473.674	0.9900160658
473.984	0.9900160658
474.295	0.9900160658
474.606	0.9900152821
474.917	0.9900152821
475.228	0.9900152821
475.538	0.9900160658
475.849	0.9900160658
476.16	0.9900160658
476.471	0.9900160658
476.781	0.9900160658
477.092	0.9900160658
477.403	0.9900152821
477.714	0.9900152821
478.024	0.9900152821
478.335	0.9900152821
478.646	0.9900160658
478.957	0.9900160658
479.267	0.9900160658
479.578	0.9900160658
479.889	0.9900160658
480.2	0.9900152821
480.511	0.9900152821
480.821	0.9900152821
481.132	0.9900152821
481.443	0.9900152821
481.754	0.9900152821
482.064	0.9900152821
482.375	0.9900152821
482.686	0.9900152821
482.997	0.9900152821
483.307	0.9900152821
483.618	0.9900152821
483.929	0.9900144984
484.24	0.9900144984
484.55	0.9900152821
484.861	0.9900152821
485.172	0.9900152821
485.483	0.9900152821
485.794	0.9900152821
486.104	0.9900152821
486.415	0.9900152821
486.726	0.9900152821
487.037	0.9900152821
487.347	0.9900144984
487.658	0.9900152821
487.969	0.9900152821
488.28	0.9900152821
488.59	0.9900160658
488.901	0.9900160658
489.212	0.9900160658
489.523	0.9900160658
489.834	0.9900168495
490.144	0.9900168495
490.455	0.9900168495
490.766	0.9900168495
491.077	0.9900168495
491.387	0.9900168495
491.698	0.9900176332
492.009	0.9900176332
492.32	0.9900176332
492.63	0.9900176332
492.941	0.9900176332
493.252	0.9900168495
493.563	0.9900168495
493.873	0.9900168495
494.184	0.9900168495
494.495	0.9900168495
494.806	0.9900168495
495.117	0.9900176332
495.427	0.9900176332
495.738	0.9900184169
496.049	0.9900184169
496.36	0.9900184169
496.67	0.9900184169
496.981	0.9900184169
497.292	0.9900176332
497.603	0.9900184169
497.913	0.9900184169
498.224	0.9900184169
498.535	0.9900184169
498.846	0.9900192006
499.156	0.9900192006
499.467	0.9900192006
499.778	0.9900192006
500.089	0.9900192006
500.4	0.9900199843
500.71	0.9900199843
501.021	0.9900199843
501.332	0.9900199843
501.643	0.9900199843
501.953	0.9900199843
502.264	0.9900199843
502.575	0.990020768
502.886	0.990020768
503.196	0.990020768
503.507	0.990020768
503.818	0.990020768
504.129	0.9900215517
504.44	0.9900215517
504.75	0.9900215517
505.061	0.9900215517
505.372	0.9900223354
505.683	0.9900223354
505.993	0.9900223354
506.304	0.9900223354
506.615	0.9900223354
506.926	0.9900231191
507.236	0.9900231191
507.547	0.9900231191
507.858	0.9900231191
508.169	0.9900239028
508.479	0.9900239028
508.79	0.9900246865
509.101	0.9900246865
509.412	0.9900246865
509.723	0.9900246865
510.033	0.9900254702
510.344	0.9900254702
510.655	0.9900254702
510.966	0.9900262539
511.276	0.9900262539
511.587	0.9900262539
511.898	0.9900270376
512.209	0.9900270376
512.519	0.9900278213
512.83	0.9900278213
513.141	0.9900278213
513.452	0.990028605
513.762	0.990028605
514.073	0.990028605
514.384	0.9900293887
514.695	0.9900293887
515.006	0.9900293887
515.316	0.9900293887
515.627	0.9900301724
515.938	0.9900301724
516.249	0.9900301724
516.559	0.9900309561
516.87	0.9900309561
517.181	0.9900309561
517.492	0.9900309561
517.802	0.9900317398
518.113	0.9900317398
518.424	0.9900325235
518.735	0.9900325235
519.046	0.9900333072
519.356	0.9900333072
519.667	0.9900333072
519.978	0.9900340909
520.289	0.9900340909
520.599	0.9900348746
520.91	0.9900348746
521.221	0.9900348746
521.532	0.9900356583
521.842	0.9900356583
522.153	0.990036442
522.464	0.990036442
522.775	0.9900372257
523.085	0.9900372257
523.396	0.9900372257
523.707	0.9900380094
524.018	0.9900380094
524.329	0.9900387931
524.639	0.9900387931
524.95	0.9900395768
525.261	0.9900395768
525.572	0.9900403605
525.882	0.9900403605
526.193	0.9900411442
526.504	0.9900411442
526.815	0.9900419279
527.125	0.9900419279
527.436	0.9900419279
527.747	0.9900427116
528.058	0.9900434953
528.368	0.9900434953
528.679	0.990044279
528.99	0.990044279
529.301	0.990044279
529.612	0.9900450627
529.922	0.9900450627
530.233	0.9900458464
530.544	0.9900458464
530.855	0.9900466301
531.165	0.9900466301
531.476	0.9900474138
531.787	0.9900474138
532.098	0.9900481975
532.408	0.9900489812
532.719	0.9900497649
533.03	0.9900497649
533.341	0.9900505486
533.651	0.9900505486
533.962	0.9900513323
534.273	0.9900513323
534.584	0.990052116
534.895	0.990052116
535.205	0.9900528997
535.516	0.9900528997
535.827	0.9900536834
536.138	0.9900544671
536.448	0.9900544671
536.759	0.9900552508
537.07	0.9900552508
537.381	0.9900560345
537.691	0.9900568182
538.002	0.9900568182
538.313	0.9900576019
538.624	0.9900583856
538.935	0.9900583856
539.245	0.9900591693
539.556	0.9900591693
539.867	0.990059953
540.178	0.9900607367
540.488	0.9900615204
540.799	0.9900623041
541.11	0.9900623041
541.421	0.9900630878
541.731	0.9900638715
542.042	0.9900638715
542.353	0.9900646552
542.664	0.9900646552
542.974	0.9900654389
543.285	0.9900662226
543.596	0.9900662226
543.907	0.9900670063
544.218	0.99006779
544.528	0.99006779
544.839	0.9900685737
545.15	0.9900693574
545.461	0.9900701411
545.771	0.9900709248
546.082	0.9900709248
546.393	0.9900717085
546.704	0.9900724922
547.014	0.9900732759
547.325	0.9900732759
547.636	0.9900740596
547.947	0.9900748433
548.257	0.9900748433
548.568	0.990075627
548.879	0.9900764107
549.19	0.9900771944
549.501	0.9900771944
549.811	0.9900779781
550.122	0.9900787618
550.433	0.9900795455
550.744	0.9900803292
551.054	0.9900811129
551.365	0.9900811129
551.676	0.9900818966
551.987	0.9900826803
552.297	0.9900834639
552.608	0.9900834639
552.919	0.9900842476
553.23	0.9900850313
553.541	0.9900850313
553.851	0.990085815
554.162	0.9900865987
554.473	0.9900873824
554.784	0.9900881661000001
555.094	0.9900897335
555.405	0.9900905172
555.716	0.9900905172
556.027	0.9900913009
556.337	0.9900913009
556.648	0.9900928683
556.959	0.990093652
557.27	0.9900944357
557.58	0.9900952194
557.891	0.9900952194
558.202	0.9900960031
558.513	0.9900967868
558.824	0.9900975705
559.134	0.9900983542
559.445	0.9900999216
559.756	0.9900999216
560.067	0.990100705
560.377	0.990101489
560.688	0.990102273
560.999	0.990102273
561.31	0.990103056
561.62	0.99010384
561.931	0.990104624
562.242	0.990105408
562.553	0.990106975
562.863	0.990107759
563.174	0.990108542
563.485	0.990109326
563.796	0.99011011
564.107	0.99011011
564.417	0.990111677
564.728	0.990112461
565.039	0.990113245
565.35	0.990114028
565.66	0.990114812
565.971	0.990115596
566.282	0.990115596
566.593	0.990116379
566.903	0.990117163
567.214	0.99011873
567.525	0.990119514
567.836	0.990120298
568.147	0.990121082
568.457	0.990121865
568.768	0.990122649
569.079	0.990123433
569.39	0.990124216
569.7	0.990125
570.011	0.990125784
570.322	0.990126567
570.633	0.990127351
570.943	0.990128135
571.254	0.990128918
571.565	0.990129702
571.876	0.990130486
572.186	0.99013127
572.497	0.990132053
572.808	0.990132837
573.119	0.990133621
573.43	0.990134404
573.74	0.990135972
574.051	0.990136755
574.362	0.990137539
574.673	0.990139107
574.983	0.99013989
575.294	0.990140674
575.605	0.990141458
575.916	0.990141458
576.226	0.990142241
576.537	0.990143025
576.848	0.990143809
577.159	0.990144592
577.469	0.990145376
577.78	0.99014616
578.091	0.990146944
578.402	0.990147727
578.713	0.990149295
579.023	0.990150862
579.334	0.990150862
579.645	0.990151646
579.956	0.990152429
580.266	0.990153997
580.577	0.990154781
580.888	0.990155564
581.199	0.990156348
581.509	0.990157132
581.82	0.9901579149999999
582.131	0.990159483
582.442	0.990160266
582.752	0.99016105
583.063	0.990162618
583.374	0.990163401
583.685	0.990164185
583.996	0.990164969
584.306	0.990165752
584.617	0.99016732
584.928	0.990168103
585.239	0.990168887
585.549	0.990169671
585.86	0.990170455
586.171	0.990171238
586.482	0.990172022
586.792	0.990172806
587.103	0.990173589
587.414	0.990174373
587.725	0.99017594
588.036	0.990177508
588.346	0.990178292
588.657	0.990179075
588.968	0.990179859
589.279	0.990180643
589.589	0.990181426
589.9	0.99018221
590.211	0.990182994
590.522	0.990184561
590.832	0.990186129
591.143	0.990186912
591.454	0.990187696
591.765	0.99018848
592.075	0.990189263
592.386	0.990190047
592.697	0.990190831
593.008	0.990192398
593.319	0.990193182
593.629	0.990194749
593.94	0.990195533
594.251	0.9901971
594.562	0.990197884
594.872	0.990197884
595.183	0.990199451
595.494	0.990201019
595.805	0.990201803
596.115	0.990202586
596.426	0.99020337
596.737	0.990204154
597.048	0.990204937
597.358	0.990206505
597.669	0.990207288
597.98	0.990208072
598.291	0.990209639
598.602	0.990211207
598.912	0.990211991
599.223	0.990213558
