300.0	0.06017386
301.0	0.50187724
302.0	0.17234687999999998
303.0	0.16566592
304.0	0.13340529
305.0	0.07613618999999999
306.0	0.62401373
307.0	0.47279568
308.0	0.44083328
309.0	0.64541381
310.0	0.32812812999999996
311.0	0.77815669
312.0	0.74716627
313.0	0.43807893
314.0	0.84940714
315.0	0.8008272599999999
316.0	0.6457483700000001
317.0	0.85858103
318.0	0.7750645199999999
319.0	0.83174552
320.0	0.92498327
321.0	0.86259839
322.0	0.9301124299999999
323.0	0.96531218
324.0	0.93728356
325.0	0.92262766
326.0	0.97609159
327.0	0.9552101399999999
328.0	0.97308043
329.0	0.99115271
330.0	0.9876146699999999
331.0	0.76834302
332.0	0.81049962
333.0	0.7986546400000001
334.0	0.55580588
335.0	0.94710551
336.0	0.62370317
337.0	0.7917641500000001
338.0	0.9359669700000001
339.0	0.28566168000000003
340.0	0.52852948
341.0	0.6590613399999999
342.0	0.49111085000000004
343.0	0.8251889
344.0	0.1653158
345.0	0.34945092
346.0	0.36341937
347.0	0.14977297
348.0	0.43704273
349.0	0.15904647
350.0	0.7805348999999999
351.0	0.45718445
352.0	0.18173212
353.0	0.6168544
354.0	0.76736519
355.0	0.48290441
356.0	0.85373121
357.0	0.28834271
358.0	0.03081304
359.0	0.9104119900000001
360.0	0.94467152
361.0	0.99378822
362.0	0.99505282
363.0	0.9980342
364.0	0.99953183
365.0	0.99792798
366.0	0.99980092
367.0	0.99994099
368.0	0.99977721
369.0	0.99978927
370.0	0.99993031
371.0	0.99959686
372.0	0.99988451
373.0	0.9998644799999999
374.0	0.99993674
375.0	0.99997704
376.0	0.99540396
377.0	0.99998877
378.0	0.9999927099999999
379.0	0.9896257199999999
380.0	0.99999825
381.0	0.9999994200000001
382.0	0.9999991199999999
383.0	0.9999731199999999
384.0	0.99999594
385.0	0.99999685
386.0	0.99997041
387.0	0.99998918
388.0	0.99999642
389.0	0.9999916600000001
390.0	0.99946011
391.0	0.99972868
392.0	0.9990070299999999
393.0	0.99977964
394.0	0.99826359
395.0	0.99992907
396.0	0.99997593
397.0	0.9999281499999999
398.0	0.9998352199999999
399.0	0.9998941100000001
400.0	0.99978813
401.0	0.9999583400000001
402.0	0.9999357600000001
403.0	0.9997805099999999
404.0	0.99996362
405.0	0.9999844299999999
406.0	0.9999184700000001
407.0	0.99995633
408.0	0.99996577
409.0	0.99983937
410.0	0.99996492
411.0	0.9999467799999999
412.0	0.9998738899999999
413.0	0.9999591
414.0	0.9999912500000001
415.0	0.9999667200000001
416.0	0.99997738
417.0	0.99998847
418.0	0.99992756
419.0	0.9998949
420.0	0.9999951199999999
421.0	0.9999981200000001
422.0	0.99999211
423.0	0.9999998499999999
424.0	0.99999993
425.0	0.99999976
426.0	0.9999997999999999
427.0	0.99999997
428.0	0.99999994
429.0	0.99999954
430.0	0.99999998
431.0	0.99999998
432.0	0.99999983
433.0	0.99999995
434.0	0.99999998
435.0	0.99999992
436.0	0.99999995
437.0	0.9999999900000001
438.0	0.99999998
439.0	0.9999929799999999
440.0	0.99999998
441.0	0.99999998
442.0	0.99999987
443.0	0.99999994
444.0	0.9999999900000001
445.0	0.99999998
446.0	0.9999998800000001
447.0	0.99999965
448.0	0.99999992
449.0	0.99999983
450.0	0.99946598
451.0	0.99999961
452.0	0.99999967
453.0	0.99999875
454.0	0.99953063
455.0	0.99998458
456.0	0.9999163900000001
457.0	0.99986212
458.0	0.9998865299999999
459.0	0.99975921
460.0	0.99985107
461.0	0.99979459
462.0	0.99997869
463.0	0.9999844
464.0	0.99994791
465.0	0.9998392300000001
466.0	0.99995121
467.0	0.99990919
468.0	0.9998942
469.0	0.99994233
470.0	0.99991437
471.0	0.9999444
472.0	0.99997201
473.0	0.99996425
474.0	0.9998516399999999
475.0	0.99979845
476.0	0.99991475
477.0	0.99988184
478.0	0.99966252
479.0	0.9995586799999999
480.0	0.99949493
481.0	0.9987057699999999
482.0	0.9957581600000001
483.0	0.9947667699999999
484.0	0.99715407
485.0	0.99735464
486.0	0.9980570799999999
487.0	0.99942968
488.0	0.99963627
489.0	0.99943113
490.0	0.9989374200000001
491.0	0.9995467499999999
492.0	0.99969005
493.0	0.9996324099999999
494.0	0.9996491399999999
495.0	0.9997368299999999
496.0	0.99970292
497.0	0.99950537
498.0	0.9994648599999999
499.0	0.99957168
500.0	0.9994414399999999
501.0	0.9987535
502.0	0.99836103
503.0	0.99896324
504.0	0.9990915
505.0	0.99888231
506.0	0.99843704
507.0	0.99865788
508.0	0.99920846
509.0	0.9993787199999999
510.0	0.99937508
511.0	0.99949331
512.0	0.99963898
513.0	0.9996383899999999
514.0	0.9994336300000001
515.0	0.9992743799999999
516.0	0.99954536
517.0	0.9996209899999999
518.0	0.9994879299999999
519.0	0.99945485
520.0	0.99970168
521.0	0.99979224
522.0	0.99977419
523.0	0.99966949
524.0	0.9995775600000001
525.0	0.9995951200000001
526.0	0.9995650399999999
527.0	0.99945604
528.0	0.99945492
529.0	0.9995545199999999
530.0	0.99956379
531.0	0.9994059300000001
532.0	0.99891667
533.0	0.9982496999999999
534.0	0.99853127
535.0	0.99892537
536.0	0.9990142799999999
537.0	0.9988872999999999
538.0	0.99873864
539.0	0.9987674099999999
540.0	0.9986837900000001
541.0	0.9979671999999999
542.0	0.99696815
543.0	0.9985167699999999
544.0	0.99921599
545.0	0.9993499699999999
546.0	0.9994009800000001
547.0	0.99963464
548.0	0.99980446
549.0	0.9998689500000001
550.0	0.9998907699999999
551.0	0.99990449
552.0	0.9999243
553.0	0.9999406399999999
554.0	0.99994527
555.0	0.99993588
556.0	0.9999132000000001
557.0	0.9999115399999999
558.0	0.9999411
559.0	0.99995948
560.0	0.99996476
561.0	0.99996136
562.0	0.9999508699999999
563.0	0.99993887
564.0	0.9999351400000001
565.0	0.99993618
566.0	0.99993254
567.0	0.99992072
568.0	0.99990538
569.0	0.9999027100000001
570.0	0.9999173899999999
571.0	0.99993343
572.0	0.99994204
573.0	0.9999425399999999
574.0	0.99993629
575.0	0.99992968
576.0	0.9999350499999999
577.0	0.9999489300000001
578.0	0.9999587099999999
579.0	0.99996117
580.0	0.99995598
581.0	0.99994125
582.0	0.9999177
583.0	0.99990139
584.0	0.9999029
585.0	0.99990515
586.0	0.9998958899999999
587.0	0.99987279
588.0	0.99984317
589.0	0.99982117
590.0	0.9998023100000001
591.0	0.99976078
592.0	0.99965606
593.0	0.99939971
594.0	0.99880023
595.0	0.9977427799999999
596.0	0.9970394899999999
597.0	0.99767909
598.0	0.9986030499999999
599.0	0.9990974199999999
600.0	0.99929462
601.0	0.99934709
602.0	0.99936081
603.0	0.99943128
604.0	0.9995484
605.0	0.99963657
606.0	0.99967202
607.0	0.99965768
608.0	0.9995929
609.0	0.9994763
610.0	0.99932902
611.0	0.9991991299999999
612.0	0.99910006
613.0	0.9989859
614.0	0.99880088
615.0	0.99850794
616.0	0.99818757
617.0	0.99820587
618.0	0.99865795
619.0	0.9990814399999999
620.0	0.9993114599999999
621.0	0.9993968099999999
622.0	0.99938355
623.0	0.9993143600000001
624.0	0.99929743
625.0	0.99942073
626.0	0.99957334
627.0	0.99966639
628.0	0.99969976
629.0	0.9996828
630.0	0.99960977
631.0	0.99946427
632.0	0.9992659399999999
633.0	0.9991393399999999
634.0	0.9991462
635.0	0.9991722199999999
636.0	0.9991266799999999
637.0	0.99897073
638.0	0.9986780000000001
639.0	0.99825851
640.0	0.9978389
641.0	0.99767112
642.0	0.9978835599999999
643.0	0.99828181
644.0	0.9986168999999999
645.0	0.99879722
646.0	0.99881335
647.0	0.9986465200000001
648.0	0.99824506
649.0	0.9976613000000001
650.0	0.99743049
651.0	0.9978821000000001
652.0	0.99843636
653.0	0.99881567
654.0	0.9990679400000001
655.0	0.9992585599999999
656.0	0.99941051
657.0	0.99952368
658.0	0.99959869
659.0	0.99964203
660.0	0.99966223
661.0	0.99966802
662.0	0.9996680000000001
663.0	0.99966915
664.0	0.99967388
665.0	0.9996797599999999
666.0	0.9996829300000001
667.0	0.99968127
668.0	0.99967572
669.0	0.99966999
670.0	0.9996705300000001
671.0	0.9996861699999999
672.0	0.99972302
673.0	0.99977577
674.0	0.99982947
675.0	0.9998725500000001
676.0	0.99990234
677.0	0.9999211800000001
678.0	0.99993218
679.0	0.99993761
680.0	0.99993886
681.0	0.9999367800000001
682.0	0.99993211
683.0	0.99992578
684.0	0.99991891
685.0	0.99991226
686.0	0.99990545
687.0	0.99989684
688.0	0.99988387
689.0	0.9998631899999999
690.0	0.99983023
691.0	0.99977869
692.0	0.9997010199999999
693.0	0.99959243
694.0	0.99946085
695.0	0.99933751
696.0	0.9992663
697.0	0.99926649
698.0	0.9993152000000001
699.0	0.99937385
700.0	0.9994152
701.0	0.9994261899999999
702.0	0.99940051
703.0	0.9993330400000001
704.0	0.99922106
705.0	0.99907274
706.0	0.9989144799999999
707.0	0.9987729799999999
708.0	0.99863598
709.0	0.99844217
710.0	0.99809832
711.0	0.99749625
712.0	0.9966696500000001
713.0	0.99628496
714.0	0.99696199
715.0	0.99790491
716.0	0.99855395
717.0	0.9989442
718.0	0.9991879
719.0	0.99935272
720.0	0.9994712199999999
721.0	0.99955756
722.0	0.9996179
723.0	0.9996559
724.0	0.99967419
725.0	0.999674
726.0	0.9996551300000001
727.0	0.9996165100000001
728.0	0.99955477
729.0	0.99946759
730.0	0.99935608
731.0	0.99922798
732.0	0.9990971399999999
733.0	0.99897821
734.0	0.9988819800000001
735.0	0.99881543
736.0	0.9987818300000001
737.0	0.99877652
738.0	0.99878424
739.0	0.9987839099999999
740.0	0.99875695
741.0	0.9986944
742.0	0.9986055
743.0	0.9985300599999999
744.0	0.99853274
745.0	0.99864696
746.0	0.99882874
747.0	0.9990057400000001
748.0	0.9991383500000001
749.0	0.99921869
750.0	0.9992501300000001
751.0	0.99923637
752.0	0.99917744
753.0	0.9990696800000001
754.0	0.99890815
755.0	0.9986922300000001
756.0	0.99843552
757.0	0.9981787400000001
758.0	0.99799403
759.0	0.9979575300000001
760.0	0.9980915
761.0	0.99833742
762.0	0.9986045
763.0	0.99883172
764.0	0.99899926
765.0	0.99910941
766.0	0.9991708199999999
767.0	0.9991922200000001
768.0	0.99918126
769.0	0.9991456700000001
770.0	0.99909551
771.0	0.99904298
772.0	0.9989977600000001
773.0	0.9989603300000001
774.0	0.99891935
775.0	0.99885472
776.0	0.9987401199999999
777.0	0.9985402000000001
778.0	0.99819935
779.0	0.99762221
780.0	0.9966488800000001
781.0	0.9950747400000001
782.0	0.99295059
783.0	0.99138715
784.0	0.99196427
785.0	0.99401565
786.0	0.9959870200000001
787.0	0.99737131
788.0	0.99825099
789.0	0.99879588
790.0	0.99913509
791.0	0.99935056
792.0	0.99949155
793.0	0.99958733
794.0	0.9996554799999999
795.0	0.99970667
796.0	0.99974727
797.0	0.99978079
798.0	0.99980887
799.0	0.99983208
800.0	0.9998506
801.0	0.9998645399999999
802.0	0.99987409
803.0	0.9998793899999999
804.0	0.99988051
805.0	0.99987721
806.0	0.999869
807.0	0.99985493
808.0	0.99983346
809.0	0.99980257
810.0	0.99975991
811.0	0.99970376
812.0	0.9996352000000001
813.0	0.9995616900000001
814.0	0.99949981
815.0	0.9994715
816.0	0.99948994
817.0	0.99954779
818.0	0.9996233
819.0	0.99969635
820.0	0.99975702
821.0	0.99980335
822.0	0.99983692
823.0	0.9998604
824.0	0.99987611
825.0	0.99988575
826.0	0.99989046
827.0	0.99989081
828.0	0.9998868299999999
829.0	0.99987813
830.0	0.99986379
831.0	0.9998422499999999
832.0	0.99981104
833.0	0.9997666599999999
834.0	0.9997041799999999
835.0	0.99961722
836.0	0.99949855
837.0	0.99934219
838.0	0.9991479099999999
839.0	0.99892929
840.0	0.99872004
841.0	0.9985671
842.0	0.99850328
843.0	0.9985226
844.0	0.9985890399999999
845.0	0.99866246
846.0	0.9987145099999999
847.0	0.99872854
848.0	0.9986924500000001
849.0	0.9985928
850.0	0.99840896
851.0	0.99810653
852.0	0.99763043
853.0	0.99690263
854.0	0.99585297
855.0	0.99456445
856.0	0.99356582
857.0	0.9936568
858.0	0.99481566
859.0	0.99622619
860.0	0.99736725
861.0	0.99816301
862.0	0.9986915000000001
863.0	0.9990391
864.0	0.99926883
865.0	0.99942198
866.0	0.9995246600000001
867.0	0.99959317
868.0	0.99963762
869.0	0.9996641599999999
870.0	0.99967634
871.0	0.9996758099999999
872.0	0.99966278
873.0	0.99963612
874.0	0.99959334
875.0	0.99953059
876.0	0.9994428200000001
877.0	0.9993247
878.0	0.9991732600000001
879.0	0.99899285
880.0	0.99880099
881.0	0.9986288999999999
882.0	0.99851029
883.0	0.99846382
884.0	0.99848588
885.0	0.99855842
886.0	0.99866034
887.0	0.9987736599999999
888.0	0.99888496
889.0	0.998985
890.0	0.99906806
891.0	0.99913108
892.0	0.9991726400000001
893.0	0.9991917499999999
894.0	0.9991873699999999
895.0	0.9991572200000001
896.0	0.99909708
897.0	0.9990002800000001
898.0	0.9988567899999999
899.0	0.9986525500000001
900.0	0.9983694599999999
901.0	0.9979946099999999
902.0	0.99751551
903.0	0.9969453300000001
904.0	0.99635931
905.0	0.99591743
906.0	0.995817
907.0	0.9961403099999999
908.0	0.9967578500000001
909.0	0.99744332
910.0	0.99804293
911.0	0.99850718
912.0	0.9988446999999999
913.0	0.99908308
914.0	0.99924982
915.0	0.99936564
916.0	0.99944457
917.0	0.99949613
918.0	0.99952628
919.0	0.9995383200000001
920.0	0.99953362
921.0	0.99951154
922.0	0.9994694
923.0	0.99940206
924.0	0.99930084
925.0	0.9991517000000001
926.0	0.9989331699999999
927.0	0.99861348
928.0	0.99814737
929.0	0.9974788499999999
930.0	0.99656155
931.0	0.99540354
932.0	0.99412356
933.0	0.9929788
934.0	0.99230985
935.0	0.9923862099999999
936.0	0.99321726
937.0	0.99449506
938.0	0.99580244
939.0	0.99688248
940.0	0.99768214
941.0	0.99824613
942.0	0.9986369500000001
943.0	0.99890827
944.0	0.99909965
945.0	0.9992371
946.0	0.99933786
947.0	0.99941367
948.0	0.99947199
949.0	0.99951794
950.0	0.99955529
951.0	0.9995863300000001
952.0	0.9996125
953.0	0.9996347299999999
954.0	0.9996532899999999
955.0	0.99966831
956.0	0.99968019
957.0	0.9996894000000001
958.0	0.9996966999999999
959.0	0.9997033399999999
960.0	0.99971104
961.0	0.99972191
962.0	0.9997375700000001
963.0	0.9997585499999999
964.0	0.9997839500000001
965.0	0.9998114300000001
966.0	0.99983834
967.0	0.9998626500000001
968.0	0.99988333
969.0	0.99990025
970.0	0.99991364
971.0	0.99992397
972.0	0.9999317999999999
973.0	0.99993756
974.0	0.9999415899999999
975.0	0.99994416
976.0	0.9999454
977.0	0.9999454
978.0	0.9999441299999999
979.0	0.99994151
980.0	0.9999373500000001
981.0	0.99993133
982.0	0.99992301
983.0	0.99991174
984.0	0.99989672
985.0	0.99987695
986.0	0.99985141
987.0	0.99981949
988.0	0.9997818599999999
989.0	0.9997416200000001
990.0	0.99970483
991.0	0.99967871
992.0	0.99966783
993.0	0.99967146
994.0	0.99968489
995.0	0.9997027300000001
996.0	0.9997210200000001
997.0	0.9997375700000001
998.0	0.99975145
999.0	0.9997624399999999
1000.0	0.99977062
1001.0	0.9997760800000001
1002.0	0.9997788799999999
1003.0	0.99977895
1004.0	0.99977603
1005.0	0.9997696899999999
1006.0	0.99975919
1007.0	0.99974348
1008.0	0.99972099
1009.0	0.99968947
1010.0	0.9996456100000001
1011.0	0.99958467
1012.0	0.99950006
1013.0	0.99938366
1014.0	0.99922853
1015.0	0.99903812
1016.0	0.99884407
1017.0	0.99871426
1018.0	0.9987091499999999
1019.0	0.99881632
1020.0	0.9989699000000001
1021.0	0.99911551
1022.0	0.99923039
1023.0	0.99931178
1024.0	0.9993633900000001
1025.0	0.99938941
1026.0	0.99939258
1027.0	0.9993739100000001
1028.0	0.9993330400000001
1029.0	0.9992692599999999
1030.0	0.9991840000000001
1031.0	0.99908568
1032.0	0.99899613
1033.0	0.99895038
1034.0	0.99897741
1035.0	0.99907355
1036.0	0.99920424
1037.0	0.99933396
1038.0	0.99944391
1039.0	0.99952976
1040.0	0.9995939199999999
1041.0	0.99964043
1042.0	0.9996732
1043.0	0.99969517
1044.0	0.99970832
1045.0	0.9997139799999999
1046.0	0.9997129
1047.0	0.9997053800000001
1048.0	0.99969131
1049.0	0.99967028
1050.0	0.9996415399999999
1051.0	0.99960405
1052.0	0.99955659
1053.0	0.99949778
1054.0	0.9994262399999999
1055.0	0.9993408599999999
1056.0	0.99924127
1057.0	0.9991286599999999
1058.0	0.99900694
1059.0	0.9988849000000001
1060.0	0.99877816
1061.0	0.9987084799999999
1062.0	0.99869754
1063.0	0.9987547800000001
1064.0	0.99886989
1065.0	0.9990172900000001
1066.0	0.9991690599999999
1067.0	0.9993066500000001
1068.0	0.99942206
1069.0	0.9995143
1070.0	0.9995862200000001
1071.0	0.99964144
1072.0	0.9996831199999999
1073.0	0.99971401
1074.0	0.99973618
1075.0	0.99975107
1076.0	0.9997597399999999
1077.0	0.99976274
1078.0	0.99976016
1079.0	0.9997517
1080.0	0.9997367
1081.0	0.99971399
1082.0	0.99968176
1083.0	0.99963763
1084.0	0.9995787199999999
1085.0	0.9995023000000001
1086.0	0.99940786
1087.0	0.9993009
1088.0	0.9991976800000001
1089.0	0.99912458
1090.0	0.99910453
1091.0	0.99913941
1092.0	0.99920924
1093.0	0.9992891
1094.0	0.99936239
1095.0	0.99942178
1096.0	0.9994653800000001
1097.0	0.99949371
1098.0	0.99950785
1099.0	0.99950837
1100.0	0.999495
1101.0	0.99946651
1102.0	0.99942031
1103.0	0.99935196
1104.0	0.9992550099999999
1105.0	0.99912034
1106.0	0.998935
1107.0	0.99868256
1108.0	0.9983471
1109.0	0.99792176
1110.0	0.99742368
1111.0	0.99691344
1112.0	0.99649282
1113.0	0.9962566700000001
1114.0	0.9962444100000001
1115.0	0.9964396600000001
1116.0	0.9967962699999999
1117.0	0.9972590499999999
1118.0	0.99776843
1119.0	0.99826019
1120.0	0.9986853499999999
1121.0	0.99902362
1122.0	0.9992768700000001
1123.0	0.9994599100000001
1124.0	0.99959072
1125.0	0.9996842300000001
1126.0	0.99975128
1127.0	0.9997997
1128.0	0.99983518
1129.0	0.9998614600000001
1130.0	0.99988111
1131.0	0.99989595
1132.0	0.99990713
1133.0	0.99991549
1134.0	0.99992168
1135.0	0.99992614
1136.0	0.99992913
1137.0	0.9999308299999999
1138.0	0.99993141
1139.0	0.99993095
1140.0	0.9999295100000001
1141.0	0.99992717
1142.0	0.9999239799999999
1143.0	0.99992008
1144.0	0.9999157599999999
1145.0	0.9999114299999999
1146.0	0.9999077
1147.0	0.99990531
1148.0	0.99990491
1149.0	0.9999068200000001
1150.0	0.99991095
1151.0	0.99991675
1152.0	0.99992345
1153.0	0.9999303500000001
1154.0	0.99993688
1155.0	0.99994269
1156.0	0.9999476900000001
1157.0	0.9999518399999999
1158.0	0.99995519
1159.0	0.99995779
1160.0	0.99995972
1161.0	0.9999610400000001
1162.0	0.9999617700000001
1163.0	0.99996193
1164.0	0.9999615199999999
1165.0	0.99996052
1166.0	0.99995886
1167.0	0.9999564700000001
1168.0	0.9999532000000001
1169.0	0.99994888
1170.0	0.99994326
1171.0	0.999936
1172.0	0.9999267000000001
1173.0	0.99991485
1174.0	0.9998998899999999
1175.0	0.99988138
1176.0	0.99985926
1177.0	0.9998344400000001
1178.0	0.99980935
1179.0	0.9997880299999999
1180.0	0.99977486
1181.0	0.99977222
1182.0	0.9997791100000001
1183.0	0.9997921200000001
1184.0	0.99980745
1185.0	0.99982241
1186.0	0.99983542
1187.0	0.9998458100000001
1188.0	0.99985355
1189.0	0.99985867
1190.0	0.99986129
1191.0	0.99986144
1192.0	0.9998590799999999
1193.0	0.99985405
1194.0	0.99984602
1195.0	0.99983448
1196.0	0.99981866
1197.0	0.9997974399999999
1198.0	0.9997692
1199.0	0.9997317
1200.0	0.99968175
1201.0	0.99961497
1202.0	0.99952554
1203.0	0.9994064
1204.0	0.99925072
1205.0	0.99905608
1206.0	0.9988326399999999
1207.0	0.99861154
1208.0	0.99844037
1209.0	0.9983564800000001
1210.0	0.99836022
1211.0	0.99842033
1212.0	0.99849885
1213.0	0.9985685
1214.0	0.99861481
1215.0	0.99863033
1216.0	0.99861027
1217.0	0.9985494
1218.0	0.9984400800000001
1219.0	0.99827077
1220.0	0.99802549
1221.0	0.9976857800000001
1222.0	0.99724078
1223.0	0.99671653
1224.0	0.9962283200000001
1225.0	0.99599557
1226.0	0.9961895300000001
1227.0	0.9967280599999999
1228.0	0.9973667
1229.0	0.99793168
1230.0	0.99836967
1231.0	0.9986913199999999
1232.0	0.99892429
1233.0	0.99909301
1234.0	0.99921578
1235.0	0.9993053500000001
1236.0	0.99937044
1237.0	0.9994169100000001
1238.0	0.9994487
1239.0	0.9994683999999999
1240.0	0.99947762
1241.0	0.99947723
1242.0	0.9994675
1243.0	0.9994482000000001
1244.0	0.99941861
1245.0	0.99937757
1246.0	0.9993235500000001
1247.0	0.99925477
1248.0	0.9991696
1249.0	0.99906724
1250.0	0.9989490999999999
1251.0	0.9988207
1252.0	0.99869362
1253.0	0.9985856
1254.0	0.9985166099999999
1255.0	0.9985006900000001
1256.0	0.9985387099999999
1257.0	0.9986183200000001
1258.0	0.9987208099999999
1259.0	0.99882897
1260.0	0.99893096
1261.0	0.99902049
1262.0	0.99909514
1263.0	0.9991547300000001
1264.0	0.9992000400000001
1265.0	0.9992321200000001
1266.0	0.99925189
1267.0	0.99925993
1268.0	0.99925641
1269.0	0.9992409999999999
1270.0	0.99921279
1271.0	0.99917019
1272.0	0.99911077
1273.0	0.99903104
1274.0	0.99892613
1275.0	0.9987894300000001
1276.0	0.9986121699999999
1277.0	0.9983832499999999
1278.0	0.9980897
1279.0	0.99771913
1280.0	0.99726624
1281.0	0.99674604
1282.0	0.9962121899999999
1283.0	0.9957651300000001
1284.0	0.99552117
1285.0	0.9955423999999999
1286.0	0.99579263
1287.0	0.9961714899999999
1288.0	0.9965807999999999
1289.0	0.99695914
1290.0	0.99728024
1291.0	0.99753842
1292.0	0.99773864
1293.0	0.9978882400000001
1294.0	0.99799357
1295.0	0.9980600599999999
1296.0	0.9980914599999999
1297.0	0.99808982
1298.0	0.99805554
1299.0	0.99798741
1300.0	0.9978826
1301.0	0.99773664
1302.0	0.99754342
1303.0	0.9972954900000001
1304.0	0.9969849000000001
1305.0	0.99660528
1306.0	0.9961561299999999
1307.0	0.99565006
1308.0	0.9951224499999999
1309.0	0.99463818
1310.0	0.99428462
1311.0	0.99414168
1312.0	0.9942411099999999
1313.0	0.9945474400000001
1314.0	0.99498256
1315.0	0.99546464
1316.0	0.99593155
1317.0	0.99634962
1318.0	0.99670598
1319.0	0.9969998800000001
1320.0	0.9972361700000001
1321.0	0.9974214600000001
1322.0	0.9975622
1323.0	0.99766383
1324.0	0.99773055
1325.0	0.99776523
1326.0	0.99776947
1327.0	0.99774351
1328.0	0.99768665
1329.0	0.99759663
1330.0	0.99746967
1331.0	0.99730038
1332.0	0.9970813599999999
1333.0	0.9968028700000001
1334.0	0.99645245
1335.0	0.9960147899999999
1336.0	0.99547206
1337.0	0.9948056900000001
1338.0	0.99400058
1339.0	0.99305396
1340.0	0.99199011
1341.0	0.9908800999999999
1342.0	0.98984884
1343.0	0.9890619700000001
1344.0	0.98866946
1345.0	0.9887296999999999
1346.0	0.98918263
1347.0	0.98989025
1348.0	0.99070487
1349.0	0.9915146199999999
1350.0	0.99225379
1351.0	0.99289154
1352.0	0.99342277
1353.0	0.99385277
1354.0	0.9941887800000001
1355.0	0.9944401700000001
1356.0	0.9946151799999999
1357.0	0.9947201800000001
1358.0	0.99475937
1359.0	0.99473472
1360.0	0.99464591
1361.0	0.99449019
1362.0	0.9942625900000001
1363.0	0.99395483
1364.0	0.99355533
1365.0	0.9930485
1366.0	0.9924138299999999
1367.0	0.99162474
1368.0	0.99064733
1369.0	0.9894390799999999
1370.0	0.9879480100000001
1371.0	0.9861155599999999
1372.0	0.98387405
1373.0	0.9811577800000001
1374.0	0.97793084
1375.0	0.97421294
1376.0	0.97012835
1377.0	0.96594768
1378.0	0.9620862
1379.0	0.9590182500000001
1380.0	0.9571060199999999
1381.0	0.95646798
1382.0	0.95694203
1383.0	0.9581885800000001
1384.0	0.9598343699999999
1385.0	0.96156977
1386.0	0.96318059
1387.0	0.96453307
1388.0	0.9655629600000001
1389.0	0.96623834
1390.0	0.96653639
1391.0	0.96644304
1392.0	0.96594066
1393.0	0.96500266
1394.0	0.9635894700000001
1395.0	0.96164633
1396.0	0.95909751
1397.0	0.95583975
1398.0	0.95174614
1399.0	0.94665752
1400.0	0.9403834999999999
